GenomeStart 7
Neuron 1 1 0.00000000 1 0.00000000 0.00000000 0.00000000 0.00000000
Neuron 2 1 0.00000000 1 0.00000000 0.00000000 0.00000000 0.00000000
Neuron 3 1 0.00000000 1 0.00000000 0.00000000 0.00000000 0.00000000
Neuron 4 1 0.00000000 1 0.00000000 0.00000000 0.00000000 0.00000000
Neuron 5 1 0.00000000 1 0.00000000 0.00000000 0.00000000 0.00000000
Neuron 6 1 0.00000000 1 0.00000000 0.00000000 0.00000000 0.00000000
Neuron 7 2 0.00000000 1 0.00000000 0.00000000 0.00000000 0.00000000
Neuron 8 4 1.00000000 9 3.25419965 0.00000000 0.00000000 0.31301435
Link 1 8 1 0 -0.59473402
Link 2 8 2 0 -0.13317245
Link 3 8 3 0 0.15863646
Link 4 8 4 0 0.35778844
Link 5 8 5 0 -0.19216404
Link 6 8 6 0 0.03908234
Link 7 8 7 0 -0.40788996
GenomeEnd

