GenomeStart 0
Neuron 1 1 0.00000000 1 0.00000000 0.00000000 0.00000000 0.00000000
Neuron 2 1 0.00000000 1 0.00000000 0.00000000 0.00000000 0.00000000
Neuron 3 1 0.00000000 1 0.00000000 0.00000000 0.00000000 0.00000000
Neuron 4 1 0.00000000 1 0.00000000 0.00000000 0.00000000 0.00000000
Neuron 5 1 0.00000000 1 0.00000000 0.00000000 0.00000000 0.00000000
Neuron 6 1 0.00000000 1 0.00000000 0.00000000 0.00000000 0.00000000
Neuron 7 2 0.00000000 1 0.00000000 0.00000000 0.00000000 0.00000000
Neuron 8 4 1.00000000 9 3.09511362 0.00000000 0.00000000 -0.14146539
Link 1 8 1 0 -0.10114769
Link 2 8 2 0 -0.64430297
Link 3 8 3 0 -0.02869958
Link 4 8 4 0 -0.61556349
Link 5 8 5 0 -0.18111680
Link 6 8 6 0 -0.20005953
Link 7 8 7 0 0.65870529
GenomeEnd

