GenomeStart 9
Neuron 1 1 0.00000000 1 0.00000000 0.00000000 0.00000000 0.00000000
Neuron 2 1 0.00000000 1 0.00000000 0.00000000 0.00000000 0.00000000
Neuron 3 1 0.00000000 1 0.00000000 0.00000000 0.00000000 0.00000000
Neuron 4 1 0.00000000 1 0.00000000 0.00000000 0.00000000 0.00000000
Neuron 5 1 0.00000000 1 0.00000000 0.00000000 0.00000000 0.00000000
Neuron 6 1 0.00000000 1 0.00000000 0.00000000 0.00000000 0.00000000
Neuron 7 2 0.00000000 1 0.00000000 0.00000000 0.00000000 0.00000000
Neuron 8 4 1.00000000 2 3.24301078 0.00000000 0.00000000 0.43033758
Link 1 8 1 0 0.03164841
Link 2 8 2 0 0.05197482
Link 3 8 3 0 0.40287326
Link 4 8 4 0 0.19934764
Link 5 8 5 0 -0.59558365
Link 6 8 6 0 -0.17922229
Link 7 8 7 0 -0.35345700
GenomeEnd

