GenomeStart 36
Neuron 1 1 0.00000000 1 0.00000000 0.00000000 0.00000000 0.00000000
Neuron 2 1 0.00000000 1 0.00000000 0.00000000 0.00000000 0.00000000
Neuron 3 1 0.00000000 1 0.00000000 0.00000000 0.00000000 0.00000000
Neuron 4 1 0.00000000 1 0.00000000 0.00000000 0.00000000 0.00000000
Neuron 5 1 0.00000000 1 0.00000000 0.00000000 0.00000000 0.00000000
Neuron 6 1 0.00000000 1 0.00000000 0.00000000 0.00000000 0.00000000
Neuron 7 2 0.00000000 1 0.00000000 0.00000000 0.00000000 0.00000000
Neuron 8 4 1.00000000 6 3.02532316 0.00000000 0.00000000 -0.72382846
Link 1 8 1 0 0.13505891
Link 2 8 2 0 0.77015384
Link 3 8 3 0 -0.46524015
Link 4 8 4 0 -0.98288134
Link 5 8 5 0 -0.50616193
Link 6 8 6 0 0.47269188
Link 7 8 7 0 -0.78719407
GenomeEnd

