GenomeStart 1
Neuron 1 1 0.00000000 1 0.00000000 0.00000000 0.00000000 0.00000000
Neuron 2 1 0.00000000 1 0.00000000 0.00000000 0.00000000 0.00000000
Neuron 3 1 0.00000000 1 0.00000000 0.00000000 0.00000000 0.00000000
Neuron 4 1 0.00000000 1 0.00000000 0.00000000 0.00000000 0.00000000
Neuron 5 1 0.00000000 1 0.00000000 0.00000000 0.00000000 0.00000000
Neuron 6 1 0.00000000 1 0.00000000 0.00000000 0.00000000 0.00000000
Neuron 7 2 0.00000000 1 0.00000000 0.00000000 0.00000000 0.00000000
Neuron 8 4 1.00000000 6 3.36336955 0.00000000 0.00000000 -0.76617748
Link 1 8 1 0 0.04536238
Link 2 8 2 0 -0.57623741
Link 3 8 3 0 -0.25353602
Link 4 8 4 0 0.17947368
Link 5 8 5 0 -0.37399064
Link 6 8 6 0 0.23780498
Link 7 8 7 0 0.43513408
GenomeEnd

