GenomeStart 6
Neuron 1 1 0.00000000 1 0.00000000 0.00000000 0.00000000 0.00000000
Neuron 2 1 0.00000000 1 0.00000000 0.00000000 0.00000000 0.00000000
Neuron 3 1 0.00000000 1 0.00000000 0.00000000 0.00000000 0.00000000
Neuron 4 1 0.00000000 1 0.00000000 0.00000000 0.00000000 0.00000000
Neuron 5 1 0.00000000 1 0.00000000 0.00000000 0.00000000 0.00000000
Neuron 6 1 0.00000000 1 0.00000000 0.00000000 0.00000000 0.00000000
Neuron 7 2 0.00000000 1 0.00000000 0.00000000 0.00000000 0.00000000
Neuron 8 4 1.00000000 9 3.07543237 0.00000000 0.00000000 -0.25555358
Link 1 8 1 0 -0.66438597
Link 2 8 2 0 0.18758461
Link 3 8 3 0 -0.70253474
Link 4 8 4 0 0.13368294
Link 5 8 5 0 0.88061477
Link 6 8 6 0 0.13648508
Link 7 8 7 0 0.11971301
GenomeEnd

