GenomeStart 13
Neuron 1 1 0.00000000 1 0.00000000 0.00000000 0.00000000 0.00000000
Neuron 2 1 0.00000000 1 0.00000000 0.00000000 0.00000000 0.00000000
Neuron 3 1 0.00000000 1 0.00000000 0.00000000 0.00000000 0.00000000
Neuron 4 1 0.00000000 1 0.00000000 0.00000000 0.00000000 0.00000000
Neuron 5 1 0.00000000 1 0.00000000 0.00000000 0.00000000 0.00000000
Neuron 6 1 0.00000000 1 0.00000000 0.00000000 0.00000000 0.00000000
Neuron 7 2 0.00000000 1 0.00000000 0.00000000 0.00000000 0.00000000
Neuron 8 4 1.00000000 11 2.83982748 0.00000000 0.00000000 -0.39502018
Link 1 8 1 0 -0.57181031
Link 2 8 2 0 -0.66994646
Link 3 8 3 0 -0.62877962
Link 4 8 4 0 -0.25268060
Link 5 8 5 0 -0.45969975
Link 6 8 6 0 0.41854988
Link 7 8 7 0 0.31572138
GenomeEnd

