GenomeStart 2
Neuron 1 1 0.00000000 1 0.00000000 0.00000000 0.00000000 0.00000000
Neuron 2 1 0.00000000 1 0.00000000 0.00000000 0.00000000 0.00000000
Neuron 3 1 0.00000000 1 0.00000000 0.00000000 0.00000000 0.00000000
Neuron 4 1 0.00000000 1 0.00000000 0.00000000 0.00000000 0.00000000
Neuron 5 1 0.00000000 1 0.00000000 0.00000000 0.00000000 0.00000000
Neuron 6 1 0.00000000 1 0.00000000 0.00000000 0.00000000 0.00000000
Neuron 7 2 0.00000000 1 0.00000000 0.00000000 0.00000000 0.00000000
Neuron 8 4 1.00000000 9 3.16230561 0.00000000 0.00000000 0.47012055
Link 1 8 1 0 -0.67352941
Link 2 8 2 0 -0.07466285
Link 3 8 3 0 0.24545091
Link 4 8 4 0 0.32276432
Link 5 8 5 0 -0.49818775
Link 6 8 6 0 0.48931927
Link 7 8 7 0 0.55470907
GenomeEnd

