GenomeStart 11
Neuron 1 1 0.00000000 1 0.00000000 0.00000000 0.00000000 0.00000000
Neuron 2 1 0.00000000 1 0.00000000 0.00000000 0.00000000 0.00000000
Neuron 3 1 0.00000000 1 0.00000000 0.00000000 0.00000000 0.00000000
Neuron 4 1 0.00000000 1 0.00000000 0.00000000 0.00000000 0.00000000
Neuron 5 1 0.00000000 1 0.00000000 0.00000000 0.00000000 0.00000000
Neuron 6 1 0.00000000 1 0.00000000 0.00000000 0.00000000 0.00000000
Neuron 7 2 0.00000000 1 0.00000000 0.00000000 0.00000000 0.00000000
Neuron 8 4 1.00000000 9 3.02627478 0.00000000 0.00000000 0.11137994
Link 1 8 1 0 0.03223597
Link 2 8 2 0 -0.53819915
Link 3 8 3 0 -0.46111240
Link 4 8 4 0 -0.41016210
Link 5 8 5 0 -0.39046622
Link 6 8 6 0 -0.34463264
Link 7 8 7 0 -0.06193689
GenomeEnd

