GenomeStart 4
Neuron 1 1 0.00000000 1 0.00000000 0.00000000 0.00000000 0.00000000
Neuron 2 1 0.00000000 1 0.00000000 0.00000000 0.00000000 0.00000000
Neuron 3 1 0.00000000 1 0.00000000 0.00000000 0.00000000 0.00000000
Neuron 4 1 0.00000000 1 0.00000000 0.00000000 0.00000000 0.00000000
Neuron 5 1 0.00000000 1 0.00000000 0.00000000 0.00000000 0.00000000
Neuron 6 1 0.00000000 1 0.00000000 0.00000000 0.00000000 0.00000000
Neuron 7 2 0.00000000 1 0.00000000 0.00000000 0.00000000 0.00000000
Neuron 8 4 1.00000000 2 2.92724216 0.00000000 0.00000000 0.61539954
Link 1 8 1 0 0.24640770
Link 2 8 2 0 0.49369442
Link 3 8 3 0 0.09704017
Link 4 8 4 0 -0.13053522
Link 5 8 5 0 0.24628309
Link 6 8 6 0 0.33311291
Link 7 8 7 0 -0.18298935
GenomeEnd

