GenomeStart 1
Neuron 1 1 0.00000000 1 0.00000000 0.00000000 0.00000000 0.00000000
Neuron 2 1 0.00000000 1 0.00000000 0.00000000 0.00000000 0.00000000
Neuron 3 1 0.00000000 1 0.00000000 0.00000000 0.00000000 0.00000000
Neuron 4 1 0.00000000 1 0.00000000 0.00000000 0.00000000 0.00000000
Neuron 5 1 0.00000000 1 0.00000000 0.00000000 0.00000000 0.00000000
Neuron 6 1 0.00000000 1 0.00000000 0.00000000 0.00000000 0.00000000
Neuron 7 2 0.00000000 1 0.00000000 0.00000000 0.00000000 0.00000000
Neuron 8 4 1.00000000 2 3.13238489 0.00000000 0.00000000 0.70634001
Link 1 8 1 0 -0.18766208
Link 2 8 2 0 -0.59306602
Link 3 8 3 0 -0.36262427
Link 4 8 4 0 -0.19026728
Link 5 8 5 0 -0.18303482
Link 6 8 6 0 -0.29216533
Link 7 8 7 0 -0.01623222
GenomeEnd

