GenomeStart 4
Neuron 1 1 0.00000000 1 0.00000000 0.00000000 0.00000000 0.00000000
Neuron 2 1 0.00000000 1 0.00000000 0.00000000 0.00000000 0.00000000
Neuron 3 1 0.00000000 1 0.00000000 0.00000000 0.00000000 0.00000000
Neuron 4 1 0.00000000 1 0.00000000 0.00000000 0.00000000 0.00000000
Neuron 5 1 0.00000000 1 0.00000000 0.00000000 0.00000000 0.00000000
Neuron 6 1 0.00000000 1 0.00000000 0.00000000 0.00000000 0.00000000
Neuron 7 2 0.00000000 1 0.00000000 0.00000000 0.00000000 0.00000000
Neuron 8 4 1.00000000 6 2.88700711 0.00000000 0.00000000 0.20484036
Link 1 8 1 0 0.62629366
Link 2 8 2 0 0.68555072
Link 3 8 3 0 0.24939936
Link 4 8 4 0 -0.00922263
Link 5 8 5 0 0.32851559
Link 6 8 6 0 -0.34857867
Link 7 8 7 0 -0.16269866
GenomeEnd

