GenomeStart 18
Neuron 1 1 0.00000000 1 0.00000000 0.00000000 0.00000000 0.00000000
Neuron 2 1 0.00000000 1 0.00000000 0.00000000 0.00000000 0.00000000
Neuron 3 1 0.00000000 1 0.00000000 0.00000000 0.00000000 0.00000000
Neuron 4 1 0.00000000 1 0.00000000 0.00000000 0.00000000 0.00000000
Neuron 5 1 0.00000000 1 0.00000000 0.00000000 0.00000000 0.00000000
Neuron 6 1 0.00000000 1 0.00000000 0.00000000 0.00000000 0.00000000
Neuron 7 2 0.00000000 1 0.00000000 0.00000000 0.00000000 0.00000000
Neuron 8 4 1.00000000 9 3.18117810 0.00000000 0.00000000 0.11612588
Link 1 8 1 0 0.75226519
Link 2 8 2 0 -0.03174656
Link 3 8 3 0 0.27334594
Link 4 8 4 0 0.56429617
Link 5 8 5 0 -0.06887854
Link 6 8 6 0 0.14413069
Link 7 8 7 0 -0.86369277
GenomeEnd

