GenomeStart 15
Neuron 1 1 0.00000000 1 0.00000000 0.00000000 0.00000000 0.00000000
Neuron 2 1 0.00000000 1 0.00000000 0.00000000 0.00000000 0.00000000
Neuron 3 1 0.00000000 1 0.00000000 0.00000000 0.00000000 0.00000000
Neuron 4 1 0.00000000 1 0.00000000 0.00000000 0.00000000 0.00000000
Neuron 5 1 0.00000000 1 0.00000000 0.00000000 0.00000000 0.00000000
Neuron 6 1 0.00000000 1 0.00000000 0.00000000 0.00000000 0.00000000
Neuron 7 2 0.00000000 1 0.00000000 0.00000000 0.00000000 0.00000000
Neuron 8 4 1.00000000 9 2.89206553 0.00000000 0.00000000 0.08646336
Link 1 8 1 0 -0.08363025
Link 2 8 2 0 -0.19416949
Link 3 8 3 0 -0.04963488
Link 4 8 4 0 -0.30937204
Link 5 8 5 0 -0.05672712
Link 6 8 6 0 -0.14597921
Link 7 8 7 0 0.12225012
GenomeEnd

