GenomeStart 8
Neuron 1 1 0.00000000 1 0.00000000 0.00000000 0.00000000 0.00000000
Neuron 2 1 0.00000000 1 0.00000000 0.00000000 0.00000000 0.00000000
Neuron 3 1 0.00000000 1 0.00000000 0.00000000 0.00000000 0.00000000
Neuron 4 1 0.00000000 1 0.00000000 0.00000000 0.00000000 0.00000000
Neuron 5 1 0.00000000 1 0.00000000 0.00000000 0.00000000 0.00000000
Neuron 6 1 0.00000000 1 0.00000000 0.00000000 0.00000000 0.00000000
Neuron 7 2 0.00000000 1 0.00000000 0.00000000 0.00000000 0.00000000
Neuron 8 4 1.00000000 9 3.02299753 0.00000000 0.00000000 -0.47998198
Link 1 8 1 0 0.31600887
Link 2 8 2 0 0.35887851
Link 3 8 3 0 -0.76514504
Link 4 8 4 0 -0.06578963
Link 5 8 5 0 0.63165399
Link 6 8 6 0 0.28986627
Link 7 8 7 0 -0.03197391
GenomeEnd

