GenomeStart 10
Neuron 1 1 0.00000000 1 0.00000000 0.00000000 0.00000000 0.00000000
Neuron 2 1 0.00000000 1 0.00000000 0.00000000 0.00000000 0.00000000
Neuron 3 1 0.00000000 1 0.00000000 0.00000000 0.00000000 0.00000000
Neuron 4 1 0.00000000 1 0.00000000 0.00000000 0.00000000 0.00000000
Neuron 5 1 0.00000000 1 0.00000000 0.00000000 0.00000000 0.00000000
Neuron 6 1 0.00000000 1 0.00000000 0.00000000 0.00000000 0.00000000
Neuron 7 2 0.00000000 1 0.00000000 0.00000000 0.00000000 0.00000000
Neuron 8 4 1.00000000 11 3.25757421 0.00000000 0.00000000 -0.53345415
Link 1 8 1 0 0.63505070
Link 2 8 2 0 0.45331077
Link 3 8 3 0 -0.49541277
Link 4 8 4 0 -0.08215430
Link 5 8 5 0 0.37688979
Link 6 8 6 0 -0.50929668
Link 7 8 7 0 -0.57757860
GenomeEnd

