GenomeStart 16
Neuron 1 1 0.00000000 1 0.00000000 0.00000000 0.00000000 0.00000000
Neuron 2 1 0.00000000 1 0.00000000 0.00000000 0.00000000 0.00000000
Neuron 3 1 0.00000000 1 0.00000000 0.00000000 0.00000000 0.00000000
Neuron 4 1 0.00000000 1 0.00000000 0.00000000 0.00000000 0.00000000
Neuron 5 1 0.00000000 1 0.00000000 0.00000000 0.00000000 0.00000000
Neuron 6 1 0.00000000 1 0.00000000 0.00000000 0.00000000 0.00000000
Neuron 7 2 0.00000000 1 0.00000000 0.00000000 0.00000000 0.00000000
Neuron 8 4 1.00000000 6 3.21395119 0.00000000 0.00000000 -0.84011170
Link 1 8 1 0 -0.29309211
Link 2 8 2 0 0.48875134
Link 3 8 3 0 -0.51565480
Link 4 8 4 0 0.51275652
Link 5 8 5 0 0.10377457
Link 6 8 6 0 0.61068395
Link 7 8 7 0 -0.53403594
GenomeEnd

