GenomeStart 11
Neuron 1 1 0.00000000 1 0.00000000 0.00000000 0.00000000 0.00000000
Neuron 2 1 0.00000000 1 0.00000000 0.00000000 0.00000000 0.00000000
Neuron 3 1 0.00000000 1 0.00000000 0.00000000 0.00000000 0.00000000
Neuron 4 1 0.00000000 1 0.00000000 0.00000000 0.00000000 0.00000000
Neuron 5 1 0.00000000 1 0.00000000 0.00000000 0.00000000 0.00000000
Neuron 6 1 0.00000000 1 0.00000000 0.00000000 0.00000000 0.00000000
Neuron 7 2 0.00000000 1 0.00000000 0.00000000 0.00000000 0.00000000
Neuron 8 4 1.00000000 2 2.98471435 0.00000000 0.00000000 -0.81605801
Link 1 8 1 0 0.07991452
Link 2 8 2 0 -0.07439100
Link 3 8 3 0 -0.12164075
Link 4 8 4 0 0.55812333
Link 5 8 5 0 -0.80553452
Link 6 8 6 0 0.15605039
Link 7 8 7 0 -0.11185204
GenomeEnd

