GenomeStart 6
Neuron 1 1 0.00000000 1 0.00000000 0.00000000 0.00000000 0.00000000
Neuron 2 1 0.00000000 1 0.00000000 0.00000000 0.00000000 0.00000000
Neuron 3 1 0.00000000 1 0.00000000 0.00000000 0.00000000 0.00000000
Neuron 4 1 0.00000000 1 0.00000000 0.00000000 0.00000000 0.00000000
Neuron 5 1 0.00000000 1 0.00000000 0.00000000 0.00000000 0.00000000
Neuron 6 1 0.00000000 1 0.00000000 0.00000000 0.00000000 0.00000000
Neuron 7 2 0.00000000 1 0.00000000 0.00000000 0.00000000 0.00000000
Neuron 8 4 1.00000000 11 3.38269303 0.00000000 0.00000000 -0.05393501
Link 1 8 1 0 -0.16891943
Link 2 8 2 0 0.02204938
Link 3 8 3 0 -0.15324495
Link 4 8 4 0 -0.40496083
Link 5 8 5 0 -0.01564599
Link 6 8 6 0 -0.80133931
Link 7 8 7 0 0.00088107
GenomeEnd

