GenomeStart 4
Neuron 1 1 0.00000000 1 0.00000000 0.00000000 0.00000000 0.00000000
Neuron 2 1 0.00000000 1 0.00000000 0.00000000 0.00000000 0.00000000
Neuron 3 1 0.00000000 1 0.00000000 0.00000000 0.00000000 0.00000000
Neuron 4 1 0.00000000 1 0.00000000 0.00000000 0.00000000 0.00000000
Neuron 5 1 0.00000000 1 0.00000000 0.00000000 0.00000000 0.00000000
Neuron 6 1 0.00000000 1 0.00000000 0.00000000 0.00000000 0.00000000
Neuron 7 2 0.00000000 1 0.00000000 0.00000000 0.00000000 0.00000000
Neuron 8 4 1.00000000 11 2.89464366 0.00000000 0.00000000 -0.03698298
Link 1 8 1 0 -0.11712922
Link 2 8 2 0 0.17408712
Link 3 8 3 0 0.10981650
Link 4 8 4 0 0.40284249
Link 5 8 5 0 0.40453356
Link 6 8 6 0 0.32752693
Link 7 8 7 0 -0.17526153
GenomeEnd

