GenomeStart 17
Neuron 1 1 0.00000000 1 0.00000000 0.00000000 0.00000000 0.00000000
Neuron 2 1 0.00000000 1 0.00000000 0.00000000 0.00000000 0.00000000
Neuron 3 1 0.00000000 1 0.00000000 0.00000000 0.00000000 0.00000000
Neuron 4 1 0.00000000 1 0.00000000 0.00000000 0.00000000 0.00000000
Neuron 5 1 0.00000000 1 0.00000000 0.00000000 0.00000000 0.00000000
Neuron 6 1 0.00000000 1 0.00000000 0.00000000 0.00000000 0.00000000
Neuron 7 2 0.00000000 1 0.00000000 0.00000000 0.00000000 0.00000000
Neuron 8 4 1.00000000 6 3.02927617 0.00000000 0.00000000 0.51731861
Link 1 8 1 0 0.04971964
Link 2 8 2 0 -0.76188635
Link 3 8 3 0 0.13626968
Link 4 8 4 0 -0.14479685
Link 5 8 5 0 0.69118365
Link 6 8 6 0 -0.33428882
Link 7 8 7 0 -0.37978534
GenomeEnd

