GenomeStart 0
Neuron 1 1 0.00000000 1 0.00000000 0.00000000 0.00000000 0.00000000
Neuron 2 1 0.00000000 1 0.00000000 0.00000000 0.00000000 0.00000000
Neuron 3 1 0.00000000 1 0.00000000 0.00000000 0.00000000 0.00000000
Neuron 4 1 0.00000000 1 0.00000000 0.00000000 0.00000000 0.00000000
Neuron 5 1 0.00000000 1 0.00000000 0.00000000 0.00000000 0.00000000
Neuron 6 1 0.00000000 1 0.00000000 0.00000000 0.00000000 0.00000000
Neuron 7 2 0.00000000 1 0.00000000 0.00000000 0.00000000 0.00000000
Neuron 8 4 1.00000000 9 3.33944520 0.00000000 0.00000000 0.42534035
Link 1 8 1 0 -0.81774219
Link 2 8 2 0 0.56985221
Link 3 8 3 0 -0.50202412
Link 4 8 4 0 0.15222794
Link 5 8 5 0 0.37636448
Link 6 8 6 0 0.30299173
Link 7 8 7 0 -0.64644435
GenomeEnd

