GenomeStart 2
Neuron 1 1 0.00000000 1 0.00000000 0.00000000 0.00000000 0.00000000
Neuron 2 1 0.00000000 1 0.00000000 0.00000000 0.00000000 0.00000000
Neuron 3 1 0.00000000 1 0.00000000 0.00000000 0.00000000 0.00000000
Neuron 4 1 0.00000000 1 0.00000000 0.00000000 0.00000000 0.00000000
Neuron 5 1 0.00000000 1 0.00000000 0.00000000 0.00000000 0.00000000
Neuron 6 1 0.00000000 1 0.00000000 0.00000000 0.00000000 0.00000000
Neuron 7 2 0.00000000 1 0.00000000 0.00000000 0.00000000 0.00000000
Neuron 8 4 1.00000000 9 3.13220961 0.00000000 0.00000000 -0.13754097
Link 1 8 1 0 0.63296765
Link 2 8 2 0 -0.41502065
Link 3 8 3 0 -0.63430831
Link 4 8 4 0 0.64433949
Link 5 8 5 0 -0.27917164
Link 6 8 6 0 -0.16621976
Link 7 8 7 0 -0.07613336
GenomeEnd

