GenomeStart 7
Neuron 1 1 0.00000000 1 0.00000000 0.00000000 0.00000000 0.00000000
Neuron 2 1 0.00000000 1 0.00000000 0.00000000 0.00000000 0.00000000
Neuron 3 1 0.00000000 1 0.00000000 0.00000000 0.00000000 0.00000000
Neuron 4 1 0.00000000 1 0.00000000 0.00000000 0.00000000 0.00000000
Neuron 5 1 0.00000000 1 0.00000000 0.00000000 0.00000000 0.00000000
Neuron 6 1 0.00000000 1 0.00000000 0.00000000 0.00000000 0.00000000
Neuron 7 2 0.00000000 1 0.00000000 0.00000000 0.00000000 0.00000000
Neuron 8 4 1.00000000 9 3.41399075 0.00000000 0.00000000 -0.14676200
Link 1 8 1 0 -0.00339689
Link 2 8 2 0 0.05818133
Link 3 8 3 0 0.83298153
Link 4 8 4 0 -0.06172141
Link 5 8 5 0 0.19580071
Link 6 8 6 0 0.18062354
Link 7 8 7 0 -0.29226497
GenomeEnd

