GenomeStart 1
Neuron 1 1 0.00000000 1 0.00000000 0.00000000 0.00000000 0.00000000
Neuron 2 1 0.00000000 1 0.00000000 0.00000000 0.00000000 0.00000000
Neuron 3 1 0.00000000 1 0.00000000 0.00000000 0.00000000 0.00000000
Neuron 4 1 0.00000000 1 0.00000000 0.00000000 0.00000000 0.00000000
Neuron 5 1 0.00000000 1 0.00000000 0.00000000 0.00000000 0.00000000
Neuron 6 1 0.00000000 1 0.00000000 0.00000000 0.00000000 0.00000000
Neuron 7 2 0.00000000 1 0.00000000 0.00000000 0.00000000 0.00000000
Neuron 8 4 1.00000000 6 2.89263181 0.00000000 0.00000000 -0.09898257
Link 1 8 1 0 0.59859241
Link 2 8 2 0 0.19579200
Link 3 8 3 0 0.02326153
Link 4 8 4 0 0.15725266
Link 5 8 5 0 0.28502278
Link 6 8 6 0 0.45901156
Link 7 8 7 0 -0.22948979
GenomeEnd

