GenomeStart 13
Neuron 1 1 0.00000000 1 0.00000000 0.00000000 0.00000000 0.00000000
Neuron 2 1 0.00000000 1 0.00000000 0.00000000 0.00000000 0.00000000
Neuron 3 1 0.00000000 1 0.00000000 0.00000000 0.00000000 0.00000000
Neuron 4 1 0.00000000 1 0.00000000 0.00000000 0.00000000 0.00000000
Neuron 5 1 0.00000000 1 0.00000000 0.00000000 0.00000000 0.00000000
Neuron 6 1 0.00000000 1 0.00000000 0.00000000 0.00000000 0.00000000
Neuron 7 2 0.00000000 1 0.00000000 0.00000000 0.00000000 0.00000000
Neuron 8 4 1.00000000 9 3.06868143 0.00000000 0.00000000 0.08056145
Link 1 8 1 0 -0.02123091
Link 2 8 2 0 0.15099861
Link 3 8 3 0 0.35817511
Link 4 8 4 0 -0.05209043
Link 5 8 5 0 -0.33862066
Link 6 8 6 0 0.50612461
Link 7 8 7 0 0.17650971
GenomeEnd

