GenomeStart 14
Neuron 1 1 0.00000000 1 0.00000000 0.00000000 0.00000000 0.00000000
Neuron 2 1 0.00000000 1 0.00000000 0.00000000 0.00000000 0.00000000
Neuron 3 1 0.00000000 1 0.00000000 0.00000000 0.00000000 0.00000000
Neuron 4 1 0.00000000 1 0.00000000 0.00000000 0.00000000 0.00000000
Neuron 5 1 0.00000000 1 0.00000000 0.00000000 0.00000000 0.00000000
Neuron 6 1 0.00000000 1 0.00000000 0.00000000 0.00000000 0.00000000
Neuron 7 2 0.00000000 1 0.00000000 0.00000000 0.00000000 0.00000000
Neuron 8 4 1.00000000 9 2.85497399 0.00000000 0.00000000 0.36796258
Link 1 8 1 0 -0.13396684
Link 2 8 2 0 0.01331893
Link 3 8 3 0 -0.38389635
Link 4 8 4 0 0.00654741
Link 5 8 5 0 -0.23734627
Link 6 8 6 0 -0.59690974
Link 7 8 7 0 0.93150528
GenomeEnd

