GenomeStart 19
Neuron 1 1 0.00000000 1 0.00000000 0.00000000 0.00000000 0.00000000
Neuron 2 1 0.00000000 1 0.00000000 0.00000000 0.00000000 0.00000000
Neuron 3 1 0.00000000 1 0.00000000 0.00000000 0.00000000 0.00000000
Neuron 4 1 0.00000000 1 0.00000000 0.00000000 0.00000000 0.00000000
Neuron 5 1 0.00000000 1 0.00000000 0.00000000 0.00000000 0.00000000
Neuron 6 1 0.00000000 1 0.00000000 0.00000000 0.00000000 0.00000000
Neuron 7 2 0.00000000 1 0.00000000 0.00000000 0.00000000 0.00000000
Neuron 8 4 1.00000000 9 2.99192241 0.00000000 0.00000000 0.08680750
Link 1 8 1 0 -0.75421649
Link 2 8 2 0 -0.21645631
Link 3 8 3 0 -0.75492880
Link 4 8 4 0 0.49522994
Link 5 8 5 0 -0.45761757
Link 6 8 6 0 0.47794134
Link 7 8 7 0 -0.48175656
GenomeEnd

