GenomeStart 9
Neuron 1 1 0.00000000 1 0.00000000 0.00000000 0.00000000 0.00000000
Neuron 2 1 0.00000000 1 0.00000000 0.00000000 0.00000000 0.00000000
Neuron 3 1 0.00000000 1 0.00000000 0.00000000 0.00000000 0.00000000
Neuron 4 1 0.00000000 1 0.00000000 0.00000000 0.00000000 0.00000000
Neuron 5 1 0.00000000 1 0.00000000 0.00000000 0.00000000 0.00000000
Neuron 6 1 0.00000000 1 0.00000000 0.00000000 0.00000000 0.00000000
Neuron 7 2 0.00000000 1 0.00000000 0.00000000 0.00000000 0.00000000
Neuron 8 4 1.00000000 4 3.04660511 0.00000000 0.00000000 -0.44414057
Link 1 8 1 0 0.00354786
Link 2 8 2 0 -0.00084835
Link 3 8 3 0 -0.78894731
Link 4 8 4 0 -0.66803419
Link 5 8 5 0 0.90450526
Link 6 8 6 0 -0.76228974
Link 7 8 7 0 0.74574746
GenomeEnd

