GenomeStart 3
Neuron 1 1 0.00000000 1 0.00000000 0.00000000 0.00000000 0.00000000
Neuron 2 1 0.00000000 1 0.00000000 0.00000000 0.00000000 0.00000000
Neuron 3 1 0.00000000 1 0.00000000 0.00000000 0.00000000 0.00000000
Neuron 4 1 0.00000000 1 0.00000000 0.00000000 0.00000000 0.00000000
Neuron 5 1 0.00000000 1 0.00000000 0.00000000 0.00000000 0.00000000
Neuron 6 1 0.00000000 1 0.00000000 0.00000000 0.00000000 0.00000000
Neuron 7 2 0.00000000 1 0.00000000 0.00000000 0.00000000 0.00000000
Neuron 8 4 1.00000000 11 2.97228217 0.00000000 0.00000000 -0.66114445
Link 1 8 1 0 0.34077648
Link 2 8 2 0 0.75704769
Link 3 8 3 0 0.16758081
Link 4 8 4 0 -0.25393120
Link 5 8 5 0 -0.70713593
Link 6 8 6 0 -0.17889022
Link 7 8 7 0 0.57597698
GenomeEnd

