GenomeStart 5
Neuron 1 1 0.00000000 1 0.00000000 0.00000000 0.00000000 0.00000000
Neuron 2 1 0.00000000 1 0.00000000 0.00000000 0.00000000 0.00000000
Neuron 3 1 0.00000000 1 0.00000000 0.00000000 0.00000000 0.00000000
Neuron 4 1 0.00000000 1 0.00000000 0.00000000 0.00000000 0.00000000
Neuron 5 1 0.00000000 1 0.00000000 0.00000000 0.00000000 0.00000000
Neuron 6 1 0.00000000 1 0.00000000 0.00000000 0.00000000 0.00000000
Neuron 7 2 0.00000000 1 0.00000000 0.00000000 0.00000000 0.00000000
Neuron 8 4 1.00000000 4 3.31445643 0.00000000 0.00000000 0.64790322
Link 1 8 1 0 0.19509010
Link 2 8 2 0 0.86589973
Link 3 8 3 0 0.17726511
Link 4 8 4 0 -0.11327987
Link 5 8 5 0 0.30307785
Link 6 8 6 0 -0.04802000
Link 7 8 7 0 -0.34810560
GenomeEnd

