GenomeStart 3
Neuron 1 1 0.00000000 1 0.00000000 0.00000000 0.00000000 0.00000000
Neuron 2 1 0.00000000 1 0.00000000 0.00000000 0.00000000 0.00000000
Neuron 3 1 0.00000000 1 0.00000000 0.00000000 0.00000000 0.00000000
Neuron 4 1 0.00000000 1 0.00000000 0.00000000 0.00000000 0.00000000
Neuron 5 1 0.00000000 1 0.00000000 0.00000000 0.00000000 0.00000000
Neuron 6 1 0.00000000 1 0.00000000 0.00000000 0.00000000 0.00000000
Neuron 7 2 0.00000000 1 0.00000000 0.00000000 0.00000000 0.00000000
Neuron 8 4 1.00000000 9 3.03876262 0.00000000 0.00000000 -0.17184550
Link 1 8 1 0 -0.08469017
Link 2 8 2 0 0.27305321
Link 3 8 3 0 -0.67371971
Link 4 8 4 0 0.01269937
Link 5 8 5 0 -0.50718895
Link 6 8 6 0 0.73199431
Link 7 8 7 0 0.19344135
GenomeEnd

