GenomeStart 14
Neuron 1 1 0.00000000 1 0.00000000 0.00000000 0.00000000 0.00000000
Neuron 2 1 0.00000000 1 0.00000000 0.00000000 0.00000000 0.00000000
Neuron 3 1 0.00000000 1 0.00000000 0.00000000 0.00000000 0.00000000
Neuron 4 1 0.00000000 1 0.00000000 0.00000000 0.00000000 0.00000000
Neuron 5 1 0.00000000 1 0.00000000 0.00000000 0.00000000 0.00000000
Neuron 6 1 0.00000000 1 0.00000000 0.00000000 0.00000000 0.00000000
Neuron 7 2 0.00000000 1 0.00000000 0.00000000 0.00000000 0.00000000
Neuron 8 4 1.00000000 11 2.76022532 0.00000000 0.00000000 0.32888972
Link 1 8 1 0 0.56173360
Link 2 8 2 0 -0.28199264
Link 3 8 3 0 -0.07138207
Link 4 8 4 0 0.29298656
Link 5 8 5 0 0.35265569
Link 6 8 6 0 0.43847561
Link 7 8 7 0 0.12838306
GenomeEnd

