GenomeStart 4
Neuron 1 1 0.00000000 1 0.00000000 0.00000000 0.00000000 0.00000000
Neuron 2 1 0.00000000 1 0.00000000 0.00000000 0.00000000 0.00000000
Neuron 3 1 0.00000000 1 0.00000000 0.00000000 0.00000000 0.00000000
Neuron 4 1 0.00000000 1 0.00000000 0.00000000 0.00000000 0.00000000
Neuron 5 1 0.00000000 1 0.00000000 0.00000000 0.00000000 0.00000000
Neuron 6 1 0.00000000 1 0.00000000 0.00000000 0.00000000 0.00000000
Neuron 7 2 0.00000000 1 0.00000000 0.00000000 0.00000000 0.00000000
Neuron 8 4 1.00000000 2 2.68330671 0.00000000 0.00000000 0.31890038
Link 1 8 1 0 0.36184539
Link 2 8 2 0 0.62395018
Link 3 8 3 0 -0.20903629
Link 4 8 4 0 -0.66553797
Link 5 8 5 0 0.26079180
Link 6 8 6 0 -0.54038618
Link 7 8 7 0 -0.11153511
GenomeEnd

