GenomeStart 0
Neuron 1 1 0.00000000 1 0.00000000 0.00000000 0.00000000 0.00000000
Neuron 2 1 0.00000000 1 0.00000000 0.00000000 0.00000000 0.00000000
Neuron 3 1 0.00000000 1 0.00000000 0.00000000 0.00000000 0.00000000
Neuron 4 1 0.00000000 1 0.00000000 0.00000000 0.00000000 0.00000000
Neuron 5 1 0.00000000 1 0.00000000 0.00000000 0.00000000 0.00000000
Neuron 6 1 0.00000000 1 0.00000000 0.00000000 0.00000000 0.00000000
Neuron 7 2 0.00000000 1 0.00000000 0.00000000 0.00000000 0.00000000
Neuron 8 4 1.00000000 2 3.03024448 0.00000000 0.00000000 0.23021229
Link 1 8 1 0 -0.31613261
Link 2 8 2 0 -0.06968986
Link 3 8 3 0 0.36177171
Link 4 8 4 0 0.07147025
Link 5 8 5 0 -0.12961063
Link 6 8 6 0 -0.17158644
Link 7 8 7 0 0.38330322
GenomeEnd

