GenomeStart 1
Neuron 1 1 0.00000000 1 0.00000000 0.00000000 0.00000000 0.00000000
Neuron 2 1 0.00000000 1 0.00000000 0.00000000 0.00000000 0.00000000
Neuron 3 1 0.00000000 1 0.00000000 0.00000000 0.00000000 0.00000000
Neuron 4 1 0.00000000 1 0.00000000 0.00000000 0.00000000 0.00000000
Neuron 5 1 0.00000000 1 0.00000000 0.00000000 0.00000000 0.00000000
Neuron 6 1 0.00000000 1 0.00000000 0.00000000 0.00000000 0.00000000
Neuron 7 2 0.00000000 1 0.00000000 0.00000000 0.00000000 0.00000000
Neuron 8 4 1.00000000 9 3.06963125 0.00000000 0.00000000 0.00339822
Link 1 8 1 0 0.13294295
Link 2 8 2 0 0.21981534
Link 3 8 3 0 0.02131218
Link 4 8 4 0 -0.01815795
Link 5 8 5 0 0.27558927
Link 6 8 6 0 -0.14719117
Link 7 8 7 0 -0.43206957
GenomeEnd

