GenomeStart 6
Neuron 1 1 0.00000000 1 0.00000000 0.00000000 0.00000000 0.00000000
Neuron 2 1 0.00000000 1 0.00000000 0.00000000 0.00000000 0.00000000
Neuron 3 1 0.00000000 1 0.00000000 0.00000000 0.00000000 0.00000000
Neuron 4 1 0.00000000 1 0.00000000 0.00000000 0.00000000 0.00000000
Neuron 5 1 0.00000000 1 0.00000000 0.00000000 0.00000000 0.00000000
Neuron 6 1 0.00000000 1 0.00000000 0.00000000 0.00000000 0.00000000
Neuron 7 2 0.00000000 1 0.00000000 0.00000000 0.00000000 0.00000000
Neuron 8 4 1.00000000 9 2.86971497 0.00000000 0.00000000 -0.20083859
Link 1 8 1 0 -0.38698774
Link 2 8 2 0 0.44076711
Link 3 8 3 0 -0.12454012
Link 4 8 4 0 0.50348045
Link 5 8 5 0 -0.08479903
Link 6 8 6 0 0.18268440
Link 7 8 7 0 0.40066194
GenomeEnd

