GenomeStart 4
Neuron 1 1 0.00000000 1 0.00000000 0.00000000 0.00000000 0.00000000
Neuron 2 1 0.00000000 1 0.00000000 0.00000000 0.00000000 0.00000000
Neuron 3 1 0.00000000 1 0.00000000 0.00000000 0.00000000 0.00000000
Neuron 4 1 0.00000000 1 0.00000000 0.00000000 0.00000000 0.00000000
Neuron 5 1 0.00000000 1 0.00000000 0.00000000 0.00000000 0.00000000
Neuron 6 1 0.00000000 1 0.00000000 0.00000000 0.00000000 0.00000000
Neuron 7 2 0.00000000 1 0.00000000 0.00000000 0.00000000 0.00000000
Neuron 8 4 1.00000000 9 2.64001243 0.00000000 0.00000000 0.69439630
Link 1 8 1 0 -0.30898805
Link 2 8 2 0 0.12523959
Link 3 8 3 0 -0.56412845
Link 4 8 4 0 -0.05971364
Link 5 8 5 0 -0.27294804
Link 6 8 6 0 0.32696112
Link 7 8 7 0 -0.24422278
GenomeEnd

