GenomeStart 6
Neuron 1 1 0.00000000 1 0.00000000 0.00000000 0.00000000 0.00000000
Neuron 2 1 0.00000000 1 0.00000000 0.00000000 0.00000000 0.00000000
Neuron 3 1 0.00000000 1 0.00000000 0.00000000 0.00000000 0.00000000
Neuron 4 1 0.00000000 1 0.00000000 0.00000000 0.00000000 0.00000000
Neuron 5 1 0.00000000 1 0.00000000 0.00000000 0.00000000 0.00000000
Neuron 6 1 0.00000000 1 0.00000000 0.00000000 0.00000000 0.00000000
Neuron 7 2 0.00000000 1 0.00000000 0.00000000 0.00000000 0.00000000
Neuron 8 4 1.00000000 9 2.93825400 0.00000000 0.00000000 -0.41926223
Link 1 8 1 0 -0.61981640
Link 2 8 2 0 0.02584545
Link 3 8 3 0 0.13909091
Link 4 8 4 0 0.12578712
Link 5 8 5 0 0.29225297
Link 6 8 6 0 0.69020123
Link 7 8 7 0 -0.42113926
GenomeEnd

