GenomeStart 0
Neuron 1 1 0.00000000 1 0.00000000 0.00000000 0.00000000 0.00000000
Neuron 2 1 0.00000000 1 0.00000000 0.00000000 0.00000000 0.00000000
Neuron 3 1 0.00000000 1 0.00000000 0.00000000 0.00000000 0.00000000
Neuron 4 1 0.00000000 1 0.00000000 0.00000000 0.00000000 0.00000000
Neuron 5 1 0.00000000 1 0.00000000 0.00000000 0.00000000 0.00000000
Neuron 6 1 0.00000000 1 0.00000000 0.00000000 0.00000000 0.00000000
Neuron 7 2 0.00000000 1 0.00000000 0.00000000 0.00000000 0.00000000
Neuron 8 4 1.00000000 4 3.19601420 0.00000000 0.00000000 0.56486423
Link 1 8 1 0 -0.07962434
Link 2 8 2 0 0.11312969
Link 3 8 3 0 0.20853486
Link 4 8 4 0 -0.42652188
Link 5 8 5 0 -0.06034355
Link 6 8 6 0 -0.66840920
Link 7 8 7 0 -0.55817761
GenomeEnd

