GenomeStart 1
Neuron 1 1 0.00000000 1 0.00000000 0.00000000 0.00000000 0.00000000
Neuron 2 1 0.00000000 1 0.00000000 0.00000000 0.00000000 0.00000000
Neuron 3 1 0.00000000 1 0.00000000 0.00000000 0.00000000 0.00000000
Neuron 4 1 0.00000000 1 0.00000000 0.00000000 0.00000000 0.00000000
Neuron 5 1 0.00000000 1 0.00000000 0.00000000 0.00000000 0.00000000
Neuron 6 1 0.00000000 1 0.00000000 0.00000000 0.00000000 0.00000000
Neuron 7 2 0.00000000 1 0.00000000 0.00000000 0.00000000 0.00000000
Neuron 8 4 1.00000000 6 2.76726659 0.00000000 0.00000000 0.50421164
Link 1 8 1 0 0.03701480
Link 2 8 2 0 0.57033319
Link 3 8 3 0 0.56219341
Link 4 8 4 0 0.04675731
Link 5 8 5 0 -0.73982515
Link 6 8 6 0 0.15545016
Link 7 8 7 0 -0.23212892
GenomeEnd

