GenomeStart 8
Neuron 1 1 0.00000000 1 0.00000000 0.00000000 0.00000000 0.00000000
Neuron 2 1 0.00000000 1 0.00000000 0.00000000 0.00000000 0.00000000
Neuron 3 1 0.00000000 1 0.00000000 0.00000000 0.00000000 0.00000000
Neuron 4 1 0.00000000 1 0.00000000 0.00000000 0.00000000 0.00000000
Neuron 5 1 0.00000000 1 0.00000000 0.00000000 0.00000000 0.00000000
Neuron 6 1 0.00000000 1 0.00000000 0.00000000 0.00000000 0.00000000
Neuron 7 2 0.00000000 1 0.00000000 0.00000000 0.00000000 0.00000000
Neuron 8 4 1.00000000 2 3.18832574 0.00000000 0.00000000 -0.42922410
Link 1 8 1 0 0.07750800
Link 2 8 2 0 -0.74849782
Link 3 8 3 0 0.49600180
Link 4 8 4 0 -0.22320882
Link 5 8 5 0 0.11470978
Link 6 8 6 0 0.57730038
Link 7 8 7 0 0.34223083
GenomeEnd

