GenomeStart 0
Neuron 1 1 0.00000000 1 0.00000000 0.00000000 0.00000000 0.00000000
Neuron 2 1 0.00000000 1 0.00000000 0.00000000 0.00000000 0.00000000
Neuron 3 1 0.00000000 1 0.00000000 0.00000000 0.00000000 0.00000000
Neuron 4 1 0.00000000 1 0.00000000 0.00000000 0.00000000 0.00000000
Neuron 5 1 0.00000000 1 0.00000000 0.00000000 0.00000000 0.00000000
Neuron 6 1 0.00000000 1 0.00000000 0.00000000 0.00000000 0.00000000
Neuron 7 2 0.00000000 1 0.00000000 0.00000000 0.00000000 0.00000000
Neuron 8 4 1.00000000 4 3.15440892 0.00000000 0.00000000 0.05638346
Link 1 8 1 0 0.19551081
Link 2 8 2 0 -0.55554830
Link 3 8 3 0 -0.25056944
Link 4 8 4 0 0.10011264
Link 5 8 5 0 -0.28894811
Link 6 8 6 0 -0.07872463
Link 7 8 7 0 -0.17638851
GenomeEnd

