GenomeStart 6
Neuron 1 1 0.00000000 1 0.00000000 0.00000000 0.00000000 0.00000000
Neuron 2 1 0.00000000 1 0.00000000 0.00000000 0.00000000 0.00000000
Neuron 3 1 0.00000000 1 0.00000000 0.00000000 0.00000000 0.00000000
Neuron 4 1 0.00000000 1 0.00000000 0.00000000 0.00000000 0.00000000
Neuron 5 1 0.00000000 1 0.00000000 0.00000000 0.00000000 0.00000000
Neuron 6 1 0.00000000 1 0.00000000 0.00000000 0.00000000 0.00000000
Neuron 7 2 0.00000000 1 0.00000000 0.00000000 0.00000000 0.00000000
Neuron 8 4 1.00000000 9 3.13421046 0.00000000 0.00000000 0.08368403
Link 1 8 1 0 0.05488949
Link 2 8 2 0 -0.13035479
Link 3 8 3 0 0.89749065
Link 4 8 4 0 -0.79325634
Link 5 8 5 0 -0.22432602
Link 6 8 6 0 0.16209036
Link 7 8 7 0 0.34395078
GenomeEnd

