GenomeStart 8
Neuron 1 1 0.00000000 1 0.00000000 0.00000000 0.00000000 0.00000000
Neuron 2 1 0.00000000 1 0.00000000 0.00000000 0.00000000 0.00000000
Neuron 3 1 0.00000000 1 0.00000000 0.00000000 0.00000000 0.00000000
Neuron 4 1 0.00000000 1 0.00000000 0.00000000 0.00000000 0.00000000
Neuron 5 1 0.00000000 1 0.00000000 0.00000000 0.00000000 0.00000000
Neuron 6 1 0.00000000 1 0.00000000 0.00000000 0.00000000 0.00000000
Neuron 7 2 0.00000000 1 0.00000000 0.00000000 0.00000000 0.00000000
Neuron 8 4 1.00000000 2 2.76607760 0.00000000 0.00000000 0.45377674
Link 1 8 1 0 -0.61836191
Link 2 8 2 0 -0.01494500
Link 3 8 3 0 -0.31477964
Link 4 8 4 0 -0.19108525
Link 5 8 5 0 0.39832626
Link 6 8 6 0 -0.26780759
Link 7 8 7 0 -0.09548590
GenomeEnd

