GenomeStart 0
Neuron 1 1 0.00000000 1 0.00000000 0.00000000 0.00000000 0.00000000
Neuron 2 1 0.00000000 1 0.00000000 0.00000000 0.00000000 0.00000000
Neuron 3 1 0.00000000 1 0.00000000 0.00000000 0.00000000 0.00000000
Neuron 4 1 0.00000000 1 0.00000000 0.00000000 0.00000000 0.00000000
Neuron 5 1 0.00000000 1 0.00000000 0.00000000 0.00000000 0.00000000
Neuron 6 1 0.00000000 1 0.00000000 0.00000000 0.00000000 0.00000000
Neuron 7 2 0.00000000 1 0.00000000 0.00000000 0.00000000 0.00000000
Neuron 8 4 1.00000000 6 2.89632979 0.00000000 0.00000000 -0.30934034
Link 1 8 1 0 0.20467097
Link 2 8 2 0 -0.45229433
Link 3 8 3 0 0.05547488
Link 4 8 4 0 -0.05425548
Link 5 8 5 0 0.49071665
Link 6 8 6 0 -0.33807711
Link 7 8 7 0 0.54936751
GenomeEnd

