GenomeStart 17
Neuron 1 1 0.00000000 1 0.00000000 0.00000000 0.00000000 0.00000000
Neuron 2 1 0.00000000 1 0.00000000 0.00000000 0.00000000 0.00000000
Neuron 3 1 0.00000000 1 0.00000000 0.00000000 0.00000000 0.00000000
Neuron 4 1 0.00000000 1 0.00000000 0.00000000 0.00000000 0.00000000
Neuron 5 1 0.00000000 1 0.00000000 0.00000000 0.00000000 0.00000000
Neuron 6 1 0.00000000 1 0.00000000 0.00000000 0.00000000 0.00000000
Neuron 7 2 0.00000000 1 0.00000000 0.00000000 0.00000000 0.00000000
Neuron 8 4 1.00000000 4 3.19914063 0.00000000 0.00000000 -0.38897976
Link 1 8 1 0 -0.16185798
Link 2 8 2 0 0.29860316
Link 3 8 3 0 -0.40637673
Link 4 8 4 0 0.39160421
Link 5 8 5 0 0.68730910
Link 6 8 6 0 0.32020561
Link 7 8 7 0 -0.44719271
GenomeEnd

