GenomeStart 14
Neuron 1 1 0.00000000 1 0.00000000 0.00000000 0.00000000 0.00000000
Neuron 2 1 0.00000000 1 0.00000000 0.00000000 0.00000000 0.00000000
Neuron 3 1 0.00000000 1 0.00000000 0.00000000 0.00000000 0.00000000
Neuron 4 1 0.00000000 1 0.00000000 0.00000000 0.00000000 0.00000000
Neuron 5 1 0.00000000 1 0.00000000 0.00000000 0.00000000 0.00000000
Neuron 6 1 0.00000000 1 0.00000000 0.00000000 0.00000000 0.00000000
Neuron 7 2 0.00000000 1 0.00000000 0.00000000 0.00000000 0.00000000
Neuron 8 4 1.00000000 4 2.71955998 0.00000000 0.00000000 0.38547061
Link 1 8 1 0 0.19468710
Link 2 8 2 0 0.35516050
Link 3 8 3 0 -0.52623974
Link 4 8 4 0 -0.18119768
Link 5 8 5 0 -0.25914760
Link 6 8 6 0 -0.07831317
Link 7 8 7 0 0.42540682
GenomeEnd

