GenomeStart 11
Neuron 1 1 0.00000000 1 0.00000000 0.00000000 0.00000000 0.00000000
Neuron 2 1 0.00000000 1 0.00000000 0.00000000 0.00000000 0.00000000
Neuron 3 1 0.00000000 1 0.00000000 0.00000000 0.00000000 0.00000000
Neuron 4 1 0.00000000 1 0.00000000 0.00000000 0.00000000 0.00000000
Neuron 5 1 0.00000000 1 0.00000000 0.00000000 0.00000000 0.00000000
Neuron 6 1 0.00000000 1 0.00000000 0.00000000 0.00000000 0.00000000
Neuron 7 2 0.00000000 1 0.00000000 0.00000000 0.00000000 0.00000000
Neuron 8 4 1.00000000 11 3.48258632 0.00000000 0.00000000 -0.05787287
Link 1 8 1 0 0.53295065
Link 2 8 2 0 0.03700490
Link 3 8 3 0 -0.03380621
Link 4 8 4 0 0.39883260
Link 5 8 5 0 -0.28357290
Link 6 8 6 0 -0.04160076
Link 7 8 7 0 0.07145473
GenomeEnd

