GenomeStart 7
Neuron 1 1 0.00000000 1 0.00000000 0.00000000 0.00000000 0.00000000
Neuron 2 1 0.00000000 1 0.00000000 0.00000000 0.00000000 0.00000000
Neuron 3 1 0.00000000 1 0.00000000 0.00000000 0.00000000 0.00000000
Neuron 4 1 0.00000000 1 0.00000000 0.00000000 0.00000000 0.00000000
Neuron 5 1 0.00000000 1 0.00000000 0.00000000 0.00000000 0.00000000
Neuron 6 1 0.00000000 1 0.00000000 0.00000000 0.00000000 0.00000000
Neuron 7 2 0.00000000 1 0.00000000 0.00000000 0.00000000 0.00000000
Neuron 8 4 1.00000000 11 2.91381507 0.00000000 0.00000000 -0.74536285
Link 1 8 1 0 -0.51810184
Link 2 8 2 0 -0.00217158
Link 3 8 3 0 -0.14285703
Link 4 8 4 0 -0.04852593
Link 5 8 5 0 0.15780472
Link 6 8 6 0 -0.04324158
Link 7 8 7 0 -0.21030531
GenomeEnd

