GenomeStart 18
Neuron 1 1 0.00000000 1 0.00000000 0.00000000 0.00000000 0.00000000
Neuron 2 1 0.00000000 1 0.00000000 0.00000000 0.00000000 0.00000000
Neuron 3 1 0.00000000 1 0.00000000 0.00000000 0.00000000 0.00000000
Neuron 4 1 0.00000000 1 0.00000000 0.00000000 0.00000000 0.00000000
Neuron 5 1 0.00000000 1 0.00000000 0.00000000 0.00000000 0.00000000
Neuron 6 1 0.00000000 1 0.00000000 0.00000000 0.00000000 0.00000000
Neuron 7 2 0.00000000 1 0.00000000 0.00000000 0.00000000 0.00000000
Neuron 8 4 1.00000000 4 2.83470454 0.00000000 0.00000000 -0.39620486
Link 1 8 1 0 0.32724616
Link 2 8 2 0 0.59899707
Link 3 8 3 0 0.64798029
Link 4 8 4 0 -0.60664243
Link 5 8 5 0 0.10183768
Link 6 8 6 0 -0.64796252
Link 7 8 7 0 -0.59944536
GenomeEnd

