GenomeStart 6
Neuron 1 1 0.00000000 1 0.00000000 0.00000000 0.00000000 0.00000000
Neuron 2 1 0.00000000 1 0.00000000 0.00000000 0.00000000 0.00000000
Neuron 3 1 0.00000000 1 0.00000000 0.00000000 0.00000000 0.00000000
Neuron 4 1 0.00000000 1 0.00000000 0.00000000 0.00000000 0.00000000
Neuron 5 1 0.00000000 1 0.00000000 0.00000000 0.00000000 0.00000000
Neuron 6 1 0.00000000 1 0.00000000 0.00000000 0.00000000 0.00000000
Neuron 7 2 0.00000000 1 0.00000000 0.00000000 0.00000000 0.00000000
Neuron 8 4 1.00000000 11 3.00971900 0.00000000 0.00000000 -0.24481121
Link 1 8 1 0 -0.59844502
Link 2 8 2 0 -0.17703684
Link 3 8 3 0 0.24900708
Link 4 8 4 0 0.27484912
Link 5 8 5 0 -0.54511675
Link 6 8 6 0 -0.10025758
Link 7 8 7 0 -0.66202378
GenomeEnd

