GenomeStart 12
Neuron 1 1 0.00000000 1 0.00000000 0.00000000 0.00000000 0.00000000
Neuron 2 1 0.00000000 1 0.00000000 0.00000000 0.00000000 0.00000000
Neuron 3 1 0.00000000 1 0.00000000 0.00000000 0.00000000 0.00000000
Neuron 4 1 0.00000000 1 0.00000000 0.00000000 0.00000000 0.00000000
Neuron 5 1 0.00000000 1 0.00000000 0.00000000 0.00000000 0.00000000
Neuron 6 1 0.00000000 1 0.00000000 0.00000000 0.00000000 0.00000000
Neuron 7 2 0.00000000 1 0.00000000 0.00000000 0.00000000 0.00000000
Neuron 8 4 1.00000000 6 2.89731230 0.00000000 0.00000000 -0.46223988
Link 1 8 1 0 -0.05891270
Link 2 8 2 0 -0.68505057
Link 3 8 3 0 -0.41816541
Link 4 8 4 0 0.18860683
Link 5 8 5 0 -0.29850760
Link 6 8 6 0 -0.37541208
Link 7 8 7 0 -0.11131990
GenomeEnd

