GenomeStart 9
Neuron 1 1 0.00000000 1 0.00000000 0.00000000 0.00000000 0.00000000
Neuron 2 1 0.00000000 1 0.00000000 0.00000000 0.00000000 0.00000000
Neuron 3 1 0.00000000 1 0.00000000 0.00000000 0.00000000 0.00000000
Neuron 4 1 0.00000000 1 0.00000000 0.00000000 0.00000000 0.00000000
Neuron 5 1 0.00000000 1 0.00000000 0.00000000 0.00000000 0.00000000
Neuron 6 1 0.00000000 1 0.00000000 0.00000000 0.00000000 0.00000000
Neuron 7 2 0.00000000 1 0.00000000 0.00000000 0.00000000 0.00000000
Neuron 8 4 1.00000000 4 3.13726388 0.00000000 0.00000000 0.21689487
Link 1 8 1 0 -0.06512120
Link 2 8 2 0 -0.11742179
Link 3 8 3 0 0.18837639
Link 4 8 4 0 0.07651426
Link 5 8 5 0 -0.72638819
Link 6 8 6 0 -0.39516037
Link 7 8 7 0 -0.18968094
GenomeEnd

