GenomeStart 1
Neuron 1 1 0.00000000 1 0.00000000 0.00000000 0.00000000 0.00000000
Neuron 2 1 0.00000000 1 0.00000000 0.00000000 0.00000000 0.00000000
Neuron 3 1 0.00000000 1 0.00000000 0.00000000 0.00000000 0.00000000
Neuron 4 1 0.00000000 1 0.00000000 0.00000000 0.00000000 0.00000000
Neuron 5 1 0.00000000 1 0.00000000 0.00000000 0.00000000 0.00000000
Neuron 6 1 0.00000000 1 0.00000000 0.00000000 0.00000000 0.00000000
Neuron 7 2 0.00000000 1 0.00000000 0.00000000 0.00000000 0.00000000
Neuron 8 4 1.00000000 6 3.22820849 0.00000000 0.00000000 -0.03200167
Link 1 8 1 0 -0.38051606
Link 2 8 2 0 -0.63031330
Link 3 8 3 0 0.57695163
Link 4 8 4 0 -0.63244647
Link 5 8 5 0 -0.02394099
Link 6 8 6 0 0.67558102
Link 7 8 7 0 0.25542806
GenomeEnd

