GenomeStart 2
Neuron 1 1 0.00000000 1 0.00000000 0.00000000 0.00000000 0.00000000
Neuron 2 1 0.00000000 1 0.00000000 0.00000000 0.00000000 0.00000000
Neuron 3 1 0.00000000 1 0.00000000 0.00000000 0.00000000 0.00000000
Neuron 4 1 0.00000000 1 0.00000000 0.00000000 0.00000000 0.00000000
Neuron 5 1 0.00000000 1 0.00000000 0.00000000 0.00000000 0.00000000
Neuron 6 1 0.00000000 1 0.00000000 0.00000000 0.00000000 0.00000000
Neuron 7 2 0.00000000 1 0.00000000 0.00000000 0.00000000 0.00000000
Neuron 8 4 1.00000000 2 2.96612897 0.00000000 0.00000000 -0.40904494
Link 1 8 1 0 0.22347683
Link 2 8 2 0 -0.37077244
Link 3 8 3 0 -0.63661816
Link 4 8 4 0 -0.24300520
Link 5 8 5 0 0.66928914
Link 6 8 6 0 -0.31391860
Link 7 8 7 0 -0.20397433
GenomeEnd

