GenomeStart 16
Neuron 1 1 0.00000000 1 0.00000000 0.00000000 0.00000000 0.00000000
Neuron 2 1 0.00000000 1 0.00000000 0.00000000 0.00000000 0.00000000
Neuron 3 1 0.00000000 1 0.00000000 0.00000000 0.00000000 0.00000000
Neuron 4 1 0.00000000 1 0.00000000 0.00000000 0.00000000 0.00000000
Neuron 5 1 0.00000000 1 0.00000000 0.00000000 0.00000000 0.00000000
Neuron 6 1 0.00000000 1 0.00000000 0.00000000 0.00000000 0.00000000
Neuron 7 2 0.00000000 1 0.00000000 0.00000000 0.00000000 0.00000000
Neuron 8 4 1.00000000 6 3.22140391 0.00000000 0.00000000 -0.15780887
Link 1 8 1 0 0.09433507
Link 2 8 2 0 0.50879301
Link 3 8 3 0 -0.12037295
Link 4 8 4 0 -0.81433108
Link 5 8 5 0 0.03724736
Link 6 8 6 0 -0.44508893
Link 7 8 7 0 0.02450979
GenomeEnd

