GenomeStart 15
Neuron 1 1 0.00000000 1 0.00000000 0.00000000 0.00000000 0.00000000
Neuron 2 1 0.00000000 1 0.00000000 0.00000000 0.00000000 0.00000000
Neuron 3 1 0.00000000 1 0.00000000 0.00000000 0.00000000 0.00000000
Neuron 4 1 0.00000000 1 0.00000000 0.00000000 0.00000000 0.00000000
Neuron 5 1 0.00000000 1 0.00000000 0.00000000 0.00000000 0.00000000
Neuron 6 1 0.00000000 1 0.00000000 0.00000000 0.00000000 0.00000000
Neuron 7 2 0.00000000 1 0.00000000 0.00000000 0.00000000 0.00000000
Neuron 8 4 1.00000000 11 3.18872688 0.00000000 0.00000000 0.02258782
Link 1 8 1 0 0.60861473
Link 2 8 2 0 -0.18897777
Link 3 8 3 0 -0.48857507
Link 4 8 4 0 0.32247984
Link 5 8 5 0 0.47942803
Link 6 8 6 0 -0.25975300
Link 7 8 7 0 0.62160368
GenomeEnd

