GenomeStart 10
Neuron 1 1 0.00000000 1 0.00000000 0.00000000 0.00000000 0.00000000
Neuron 2 1 0.00000000 1 0.00000000 0.00000000 0.00000000 0.00000000
Neuron 3 1 0.00000000 1 0.00000000 0.00000000 0.00000000 0.00000000
Neuron 4 1 0.00000000 1 0.00000000 0.00000000 0.00000000 0.00000000
Neuron 5 1 0.00000000 1 0.00000000 0.00000000 0.00000000 0.00000000
Neuron 6 1 0.00000000 1 0.00000000 0.00000000 0.00000000 0.00000000
Neuron 7 2 0.00000000 1 0.00000000 0.00000000 0.00000000 0.00000000
Neuron 8 4 1.00000000 11 3.09414167 0.00000000 0.00000000 -0.02039255
Link 1 8 1 0 -0.37712924
Link 2 8 2 0 0.14202790
Link 3 8 3 0 -0.43933914
Link 4 8 4 0 0.36475632
Link 5 8 5 0 -0.25532382
Link 6 8 6 0 -0.40609044
Link 7 8 7 0 0.00300764
GenomeEnd

