GenomeStart 8
Neuron 1 1 0.00000000 1 0.00000000 0.00000000 0.00000000 0.00000000
Neuron 2 1 0.00000000 1 0.00000000 0.00000000 0.00000000 0.00000000
Neuron 3 1 0.00000000 1 0.00000000 0.00000000 0.00000000 0.00000000
Neuron 4 1 0.00000000 1 0.00000000 0.00000000 0.00000000 0.00000000
Neuron 5 1 0.00000000 1 0.00000000 0.00000000 0.00000000 0.00000000
Neuron 6 1 0.00000000 1 0.00000000 0.00000000 0.00000000 0.00000000
Neuron 7 2 0.00000000 1 0.00000000 0.00000000 0.00000000 0.00000000
Neuron 8 4 1.00000000 9 3.15261768 0.00000000 0.00000000 0.09792463
Link 1 8 1 0 -0.32678985
Link 2 8 2 0 -0.04778349
Link 3 8 3 0 0.29602227
Link 4 8 4 0 -0.06666445
Link 5 8 5 0 -0.22518790
Link 6 8 6 0 -0.06503084
Link 7 8 7 0 -0.00509602
GenomeEnd

