GenomeStart 0
Neuron 1 1 0.00000000 1 0.00000000 0.00000000 0.00000000 0.00000000
Neuron 2 1 0.00000000 1 0.00000000 0.00000000 0.00000000 0.00000000
Neuron 3 1 0.00000000 1 0.00000000 0.00000000 0.00000000 0.00000000
Neuron 4 1 0.00000000 1 0.00000000 0.00000000 0.00000000 0.00000000
Neuron 5 1 0.00000000 1 0.00000000 0.00000000 0.00000000 0.00000000
Neuron 6 1 0.00000000 1 0.00000000 0.00000000 0.00000000 0.00000000
Neuron 7 2 0.00000000 1 0.00000000 0.00000000 0.00000000 0.00000000
Neuron 8 4 1.00000000 11 2.85256459 0.00000000 0.00000000 0.01259114
Link 1 8 1 0 0.29651455
Link 2 8 2 0 0.15575327
Link 3 8 3 0 0.33325619
Link 4 8 4 0 0.45820365
Link 5 8 5 0 0.49768666
Link 6 8 6 0 -0.65002415
Link 7 8 7 0 0.42398127
GenomeEnd

