GenomeStart 5
Neuron 1 1 0.00000000 1 0.00000000 0.00000000 0.00000000 0.00000000
Neuron 2 1 0.00000000 1 0.00000000 0.00000000 0.00000000 0.00000000
Neuron 3 1 0.00000000 1 0.00000000 0.00000000 0.00000000 0.00000000
Neuron 4 1 0.00000000 1 0.00000000 0.00000000 0.00000000 0.00000000
Neuron 5 1 0.00000000 1 0.00000000 0.00000000 0.00000000 0.00000000
Neuron 6 1 0.00000000 1 0.00000000 0.00000000 0.00000000 0.00000000
Neuron 7 2 0.00000000 1 0.00000000 0.00000000 0.00000000 0.00000000
Neuron 8 4 1.00000000 9 3.20774094 0.00000000 0.00000000 -0.38796666
Link 1 8 1 0 0.36956723
Link 2 8 2 0 -0.05835515
Link 3 8 3 0 0.76900493
Link 4 8 4 0 -0.22826471
Link 5 8 5 0 -0.27506437
Link 6 8 6 0 -0.00799861
Link 7 8 7 0 -0.09215825
GenomeEnd

