GenomeStart 2
Neuron 1 1 0.00000000 1 0.00000000 0.00000000 0.00000000 0.00000000
Neuron 2 1 0.00000000 1 0.00000000 0.00000000 0.00000000 0.00000000
Neuron 3 1 0.00000000 1 0.00000000 0.00000000 0.00000000 0.00000000
Neuron 4 1 0.00000000 1 0.00000000 0.00000000 0.00000000 0.00000000
Neuron 5 1 0.00000000 1 0.00000000 0.00000000 0.00000000 0.00000000
Neuron 6 1 0.00000000 1 0.00000000 0.00000000 0.00000000 0.00000000
Neuron 7 2 0.00000000 1 0.00000000 0.00000000 0.00000000 0.00000000
Neuron 8 4 1.00000000 11 2.88783552 0.00000000 0.00000000 -0.30083301
Link 1 8 1 0 -0.13478125
Link 2 8 2 0 0.11514059
Link 3 8 3 0 0.21815761
Link 4 8 4 0 -0.21381836
Link 5 8 5 0 -0.34716755
Link 6 8 6 0 -0.37775110
Link 7 8 7 0 0.06484424
GenomeEnd

