GenomeStart 0
Neuron 1 1 0.00000000 1 0.00000000 0.00000000 0.00000000 0.00000000
Neuron 2 1 0.00000000 1 0.00000000 0.00000000 0.00000000 0.00000000
Neuron 3 1 0.00000000 1 0.00000000 0.00000000 0.00000000 0.00000000
Neuron 4 1 0.00000000 1 0.00000000 0.00000000 0.00000000 0.00000000
Neuron 5 1 0.00000000 1 0.00000000 0.00000000 0.00000000 0.00000000
Neuron 6 1 0.00000000 1 0.00000000 0.00000000 0.00000000 0.00000000
Neuron 7 2 0.00000000 1 0.00000000 0.00000000 0.00000000 0.00000000
Neuron 8 4 1.00000000 11 2.89638325 0.00000000 0.00000000 0.16079405
Link 1 8 1 0 -0.75079106
Link 2 8 2 0 0.26063030
Link 3 8 3 0 -0.07280203
Link 4 8 4 0 -0.55390703
Link 5 8 5 0 -0.00394896
Link 6 8 6 0 -0.63348480
Link 7 8 7 0 0.24470432
GenomeEnd

