GenomeStart 1
Neuron 1 1 0.00000000 1 0.00000000 0.00000000 0.00000000 0.00000000
Neuron 2 1 0.00000000 1 0.00000000 0.00000000 0.00000000 0.00000000
Neuron 3 1 0.00000000 1 0.00000000 0.00000000 0.00000000 0.00000000
Neuron 4 1 0.00000000 1 0.00000000 0.00000000 0.00000000 0.00000000
Neuron 5 1 0.00000000 1 0.00000000 0.00000000 0.00000000 0.00000000
Neuron 6 1 0.00000000 1 0.00000000 0.00000000 0.00000000 0.00000000
Neuron 7 2 0.00000000 1 0.00000000 0.00000000 0.00000000 0.00000000
Neuron 8 4 1.00000000 6 2.94881631 0.00000000 0.00000000 0.03485444
Link 1 8 1 0 -0.17418363
Link 2 8 2 0 0.21474772
Link 3 8 3 0 -0.21357448
Link 4 8 4 0 0.13599845
Link 5 8 5 0 -0.43315168
Link 6 8 6 0 -0.00410810
Link 7 8 7 0 -0.08148964
GenomeEnd

