GenomeStart 5
Neuron 1 1 0.00000000 1 0.00000000 0.00000000 0.00000000 0.00000000
Neuron 2 1 0.00000000 1 0.00000000 0.00000000 0.00000000 0.00000000
Neuron 3 1 0.00000000 1 0.00000000 0.00000000 0.00000000 0.00000000
Neuron 4 1 0.00000000 1 0.00000000 0.00000000 0.00000000 0.00000000
Neuron 5 1 0.00000000 1 0.00000000 0.00000000 0.00000000 0.00000000
Neuron 6 1 0.00000000 1 0.00000000 0.00000000 0.00000000 0.00000000
Neuron 7 2 0.00000000 1 0.00000000 0.00000000 0.00000000 0.00000000
Neuron 8 4 1.00000000 6 3.27406470 0.00000000 0.00000000 -0.28874305
Link 1 8 1 0 -0.00627638
Link 2 8 2 0 0.23082034
Link 3 8 3 0 0.53869027
Link 4 8 4 0 0.77473479
Link 5 8 5 0 -0.26936735
Link 6 8 6 0 -0.12674043
Link 7 8 7 0 0.14219124
GenomeEnd

