GenomeStart 0
Neuron 1 1 0.00000000 1 0.00000000 0.00000000 0.00000000 0.00000000
Neuron 2 1 0.00000000 1 0.00000000 0.00000000 0.00000000 0.00000000
Neuron 3 1 0.00000000 1 0.00000000 0.00000000 0.00000000 0.00000000
Neuron 4 1 0.00000000 1 0.00000000 0.00000000 0.00000000 0.00000000
Neuron 5 1 0.00000000 1 0.00000000 0.00000000 0.00000000 0.00000000
Neuron 6 1 0.00000000 1 0.00000000 0.00000000 0.00000000 0.00000000
Neuron 7 2 0.00000000 1 0.00000000 0.00000000 0.00000000 0.00000000
Neuron 8 4 1.00000000 11 2.78246427 0.00000000 0.00000000 -0.45525020
Link 1 8 1 0 -0.74579570
Link 2 8 2 0 0.54966240
Link 3 8 3 0 -0.21447675
Link 4 8 4 0 -0.54373676
Link 5 8 5 0 -0.33383433
Link 6 8 6 0 -0.58946273
Link 7 8 7 0 -0.40706184
GenomeEnd

