GenomeStart 6
Neuron 1 1 0.00000000 1 0.00000000 0.00000000 0.00000000 0.00000000
Neuron 2 1 0.00000000 1 0.00000000 0.00000000 0.00000000 0.00000000
Neuron 3 1 0.00000000 1 0.00000000 0.00000000 0.00000000 0.00000000
Neuron 4 1 0.00000000 1 0.00000000 0.00000000 0.00000000 0.00000000
Neuron 5 1 0.00000000 1 0.00000000 0.00000000 0.00000000 0.00000000
Neuron 6 1 0.00000000 1 0.00000000 0.00000000 0.00000000 0.00000000
Neuron 7 2 0.00000000 1 0.00000000 0.00000000 0.00000000 0.00000000
Neuron 8 4 1.00000000 2 2.88639959 0.00000000 0.00000000 -0.19343456
Link 1 8 1 0 -0.16430662
Link 2 8 2 0 0.20007337
Link 3 8 3 0 0.61675774
Link 4 8 4 0 -0.14113028
Link 5 8 5 0 0.10000308
Link 6 8 6 0 0.38408745
Link 7 8 7 0 0.05302940
GenomeEnd

