GenomeStart 14
Neuron 1 1 0.00000000 1 0.00000000 0.00000000 0.00000000 0.00000000
Neuron 2 1 0.00000000 1 0.00000000 0.00000000 0.00000000 0.00000000
Neuron 3 1 0.00000000 1 0.00000000 0.00000000 0.00000000 0.00000000
Neuron 4 1 0.00000000 1 0.00000000 0.00000000 0.00000000 0.00000000
Neuron 5 1 0.00000000 1 0.00000000 0.00000000 0.00000000 0.00000000
Neuron 6 1 0.00000000 1 0.00000000 0.00000000 0.00000000 0.00000000
Neuron 7 2 0.00000000 1 0.00000000 0.00000000 0.00000000 0.00000000
Neuron 8 4 1.00000000 9 3.16073544 0.00000000 0.00000000 0.17318282
Link 1 8 1 0 -0.25159518
Link 2 8 2 0 -0.57740738
Link 3 8 3 0 0.56385192
Link 4 8 4 0 -0.02024658
Link 5 8 5 0 0.10105172
Link 6 8 6 0 0.55145798
Link 7 8 7 0 -0.16756440
GenomeEnd

