GenomeStart 18
Neuron 1 1 0.00000000 1 0.00000000 0.00000000 0.00000000 0.00000000
Neuron 2 1 0.00000000 1 0.00000000 0.00000000 0.00000000 0.00000000
Neuron 3 1 0.00000000 1 0.00000000 0.00000000 0.00000000 0.00000000
Neuron 4 1 0.00000000 1 0.00000000 0.00000000 0.00000000 0.00000000
Neuron 5 1 0.00000000 1 0.00000000 0.00000000 0.00000000 0.00000000
Neuron 6 1 0.00000000 1 0.00000000 0.00000000 0.00000000 0.00000000
Neuron 7 2 0.00000000 1 0.00000000 0.00000000 0.00000000 0.00000000
Neuron 8 4 1.00000000 6 2.90791941 0.00000000 0.00000000 0.14445932
Link 1 8 1 0 0.51215541
Link 2 8 2 0 -0.67454004
Link 3 8 3 0 -0.33802528
Link 4 8 4 0 0.45194976
Link 5 8 5 0 -0.18069583
Link 6 8 6 0 -0.07259694
Link 7 8 7 0 -0.34986181
GenomeEnd

