GenomeStart 13
Neuron 1 1 0.00000000 1 0.00000000 0.00000000 0.00000000 0.00000000
Neuron 2 1 0.00000000 1 0.00000000 0.00000000 0.00000000 0.00000000
Neuron 3 1 0.00000000 1 0.00000000 0.00000000 0.00000000 0.00000000
Neuron 4 1 0.00000000 1 0.00000000 0.00000000 0.00000000 0.00000000
Neuron 5 1 0.00000000 1 0.00000000 0.00000000 0.00000000 0.00000000
Neuron 6 1 0.00000000 1 0.00000000 0.00000000 0.00000000 0.00000000
Neuron 7 2 0.00000000 1 0.00000000 0.00000000 0.00000000 0.00000000
Neuron 8 4 1.00000000 4 2.69265506 0.00000000 0.00000000 -0.51210972
Link 1 8 1 0 -0.63682839
Link 2 8 2 0 0.08040048
Link 3 8 3 0 0.08399908
Link 4 8 4 0 -0.08616547
Link 5 8 5 0 0.23468676
Link 6 8 6 0 0.50185396
Link 7 8 7 0 -0.13794775
GenomeEnd

