GenomeStart 9
Neuron 1 1 0.00000000 1 0.00000000 0.00000000 0.00000000 0.00000000
Neuron 2 1 0.00000000 1 0.00000000 0.00000000 0.00000000 0.00000000
Neuron 3 1 0.00000000 1 0.00000000 0.00000000 0.00000000 0.00000000
Neuron 4 1 0.00000000 1 0.00000000 0.00000000 0.00000000 0.00000000
Neuron 5 1 0.00000000 1 0.00000000 0.00000000 0.00000000 0.00000000
Neuron 6 1 0.00000000 1 0.00000000 0.00000000 0.00000000 0.00000000
Neuron 7 2 0.00000000 1 0.00000000 0.00000000 0.00000000 0.00000000
Neuron 8 4 1.00000000 2 3.07097306 0.00000000 0.00000000 -0.00681552
Link 1 8 1 0 -0.44416942
Link 2 8 2 0 0.60977211
Link 3 8 3 0 -0.14164447
Link 4 8 4 0 -0.31955413
Link 5 8 5 0 -0.21453012
Link 6 8 6 0 0.86053417
Link 7 8 7 0 0.40868749
GenomeEnd

