GenomeStart 4
Neuron 1 1 0.00000000 1 0.00000000 0.00000000 0.00000000 0.00000000
Neuron 2 1 0.00000000 1 0.00000000 0.00000000 0.00000000 0.00000000
Neuron 3 1 0.00000000 1 0.00000000 0.00000000 0.00000000 0.00000000
Neuron 4 1 0.00000000 1 0.00000000 0.00000000 0.00000000 0.00000000
Neuron 5 1 0.00000000 1 0.00000000 0.00000000 0.00000000 0.00000000
Neuron 6 1 0.00000000 1 0.00000000 0.00000000 0.00000000 0.00000000
Neuron 7 2 0.00000000 1 0.00000000 0.00000000 0.00000000 0.00000000
Neuron 8 4 1.00000000 6 2.68100629 0.00000000 0.00000000 0.63351522
Link 1 8 1 0 -0.39623205
Link 2 8 2 0 -0.13395830
Link 3 8 3 0 0.11642984
Link 4 8 4 0 0.85342188
Link 5 8 5 0 0.39713946
Link 6 8 6 0 -0.79459214
Link 7 8 7 0 -0.04537173
GenomeEnd

