GenomeStart 19
Neuron 1 1 0.00000000 1 0.00000000 0.00000000 0.00000000 0.00000000
Neuron 2 1 0.00000000 1 0.00000000 0.00000000 0.00000000 0.00000000
Neuron 3 1 0.00000000 1 0.00000000 0.00000000 0.00000000 0.00000000
Neuron 4 1 0.00000000 1 0.00000000 0.00000000 0.00000000 0.00000000
Neuron 5 1 0.00000000 1 0.00000000 0.00000000 0.00000000 0.00000000
Neuron 6 1 0.00000000 1 0.00000000 0.00000000 0.00000000 0.00000000
Neuron 7 2 0.00000000 1 0.00000000 0.00000000 0.00000000 0.00000000
Neuron 8 4 1.00000000 2 3.29842808 0.00000000 0.00000000 0.35967020
Link 1 8 1 0 -0.36351489
Link 2 8 2 0 0.14353646
Link 3 8 3 0 -0.77096593
Link 4 8 4 0 0.14896326
Link 5 8 5 0 0.14281260
Link 6 8 6 0 0.26554611
Link 7 8 7 0 0.13401682
GenomeEnd

