GenomeStart 8
Neuron 1 1 0.00000000 1 0.00000000 0.00000000 0.00000000 0.00000000
Neuron 2 1 0.00000000 1 0.00000000 0.00000000 0.00000000 0.00000000
Neuron 3 1 0.00000000 1 0.00000000 0.00000000 0.00000000 0.00000000
Neuron 4 1 0.00000000 1 0.00000000 0.00000000 0.00000000 0.00000000
Neuron 5 1 0.00000000 1 0.00000000 0.00000000 0.00000000 0.00000000
Neuron 6 1 0.00000000 1 0.00000000 0.00000000 0.00000000 0.00000000
Neuron 7 2 0.00000000 1 0.00000000 0.00000000 0.00000000 0.00000000
Neuron 8 4 1.00000000 4 2.74866324 0.00000000 0.00000000 0.11853912
Link 1 8 1 0 0.10194517
Link 2 8 2 0 0.40505888
Link 3 8 3 0 0.89887763
Link 4 8 4 0 -0.17783968
Link 5 8 5 0 -0.25031149
Link 6 8 6 0 -0.72901859
Link 7 8 7 0 -0.24368678
GenomeEnd

