GenomeStart 15
Neuron 1 1 0.00000000 1 0.00000000 0.00000000 0.00000000 0.00000000
Neuron 2 1 0.00000000 1 0.00000000 0.00000000 0.00000000 0.00000000
Neuron 3 1 0.00000000 1 0.00000000 0.00000000 0.00000000 0.00000000
Neuron 4 1 0.00000000 1 0.00000000 0.00000000 0.00000000 0.00000000
Neuron 5 1 0.00000000 1 0.00000000 0.00000000 0.00000000 0.00000000
Neuron 6 1 0.00000000 1 0.00000000 0.00000000 0.00000000 0.00000000
Neuron 7 2 0.00000000 1 0.00000000 0.00000000 0.00000000 0.00000000
Neuron 8 4 1.00000000 9 3.24276933 0.00000000 0.00000000 -0.23018424
Link 1 8 1 0 -0.37862652
Link 2 8 2 0 0.39656696
Link 3 8 3 0 0.09109984
Link 4 8 4 0 0.13940784
Link 5 8 5 0 -0.61947123
Link 6 8 6 0 0.11658099
Link 7 8 7 0 -0.31721650
GenomeEnd

