GenomeStart 7
Neuron 1 1 0.00000000 1 0.00000000 0.00000000 0.00000000 0.00000000
Neuron 2 1 0.00000000 1 0.00000000 0.00000000 0.00000000 0.00000000
Neuron 3 1 0.00000000 1 0.00000000 0.00000000 0.00000000 0.00000000
Neuron 4 1 0.00000000 1 0.00000000 0.00000000 0.00000000 0.00000000
Neuron 5 1 0.00000000 1 0.00000000 0.00000000 0.00000000 0.00000000
Neuron 6 1 0.00000000 1 0.00000000 0.00000000 0.00000000 0.00000000
Neuron 7 2 0.00000000 1 0.00000000 0.00000000 0.00000000 0.00000000
Neuron 8 4 1.00000000 2 3.16203459 0.00000000 0.00000000 0.00892498
Link 1 8 1 0 0.38807734
Link 2 8 2 0 0.24535828
Link 3 8 3 0 -0.54275268
Link 4 8 4 0 -0.27181527
Link 5 8 5 0 0.05958388
Link 6 8 6 0 -0.26731346
Link 7 8 7 0 0.58555789
GenomeEnd

