GenomeStart 0
Neuron 1 1 0.00000000 1 0.00000000 0.00000000 0.00000000 0.00000000
Neuron 2 1 0.00000000 1 0.00000000 0.00000000 0.00000000 0.00000000
Neuron 3 1 0.00000000 1 0.00000000 0.00000000 0.00000000 0.00000000
Neuron 4 1 0.00000000 1 0.00000000 0.00000000 0.00000000 0.00000000
Neuron 5 1 0.00000000 1 0.00000000 0.00000000 0.00000000 0.00000000
Neuron 6 1 0.00000000 1 0.00000000 0.00000000 0.00000000 0.00000000
Neuron 7 2 0.00000000 1 0.00000000 0.00000000 0.00000000 0.00000000
Neuron 8 4 1.00000000 9 3.00226077 0.00000000 0.00000000 -0.68873466
Link 1 8 1 0 -0.23604008
Link 2 8 2 0 -0.21155120
Link 3 8 3 0 -0.29454800
Link 4 8 4 0 -0.35094618
Link 5 8 5 0 0.02109090
Link 6 8 6 0 0.14783323
Link 7 8 7 0 -0.26391552
GenomeEnd

