GenomeStart 3
Neuron 1 1 0.00000000 1 0.00000000 0.00000000 0.00000000 0.00000000
Neuron 2 1 0.00000000 1 0.00000000 0.00000000 0.00000000 0.00000000
Neuron 3 1 0.00000000 1 0.00000000 0.00000000 0.00000000 0.00000000
Neuron 4 1 0.00000000 1 0.00000000 0.00000000 0.00000000 0.00000000
Neuron 5 1 0.00000000 1 0.00000000 0.00000000 0.00000000 0.00000000
Neuron 6 1 0.00000000 1 0.00000000 0.00000000 0.00000000 0.00000000
Neuron 7 2 0.00000000 1 0.00000000 0.00000000 0.00000000 0.00000000
Neuron 8 4 1.00000000 11 3.24940682 0.00000000 0.00000000 0.27184201
Link 1 8 1 0 0.44037212
Link 2 8 2 0 0.37003896
Link 3 8 3 0 -0.01447466
Link 4 8 4 0 -0.48793825
Link 5 8 5 0 -0.47143493
Link 6 8 6 0 -0.01228829
Link 7 8 7 0 0.80314390
GenomeEnd

