GenomeStart 1
Neuron 1 1 0.00000000 1 0.00000000 0.00000000 0.00000000 0.00000000
Neuron 2 1 0.00000000 1 0.00000000 0.00000000 0.00000000 0.00000000
Neuron 3 1 0.00000000 1 0.00000000 0.00000000 0.00000000 0.00000000
Neuron 4 1 0.00000000 1 0.00000000 0.00000000 0.00000000 0.00000000
Neuron 5 1 0.00000000 1 0.00000000 0.00000000 0.00000000 0.00000000
Neuron 6 1 0.00000000 1 0.00000000 0.00000000 0.00000000 0.00000000
Neuron 7 2 0.00000000 1 0.00000000 0.00000000 0.00000000 0.00000000
Neuron 8 4 1.00000000 9 2.90089840 0.00000000 0.00000000 0.07563848
Link 1 8 1 0 0.19138054
Link 2 8 2 0 -0.08043578
Link 3 8 3 0 -0.49146673
Link 4 8 4 0 0.23169547
Link 5 8 5 0 -0.23590218
Link 6 8 6 0 0.36062035
Link 7 8 7 0 0.16889940
GenomeEnd

