GenomeStart 17
Neuron 1 1 0.00000000 1 0.00000000 0.00000000 0.00000000 0.00000000
Neuron 2 1 0.00000000 1 0.00000000 0.00000000 0.00000000 0.00000000
Neuron 3 1 0.00000000 1 0.00000000 0.00000000 0.00000000 0.00000000
Neuron 4 1 0.00000000 1 0.00000000 0.00000000 0.00000000 0.00000000
Neuron 5 1 0.00000000 1 0.00000000 0.00000000 0.00000000 0.00000000
Neuron 6 1 0.00000000 1 0.00000000 0.00000000 0.00000000 0.00000000
Neuron 7 2 0.00000000 1 0.00000000 0.00000000 0.00000000 0.00000000
Neuron 8 4 1.00000000 2 3.31254068 0.00000000 0.00000000 -0.41683759
Link 1 8 1 0 0.28887630
Link 2 8 2 0 -0.20006348
Link 3 8 3 0 0.56238195
Link 4 8 4 0 -0.04441828
Link 5 8 5 0 -0.09568849
Link 6 8 6 0 0.07188251
Link 7 8 7 0 0.49723590
GenomeEnd

