GenomeStart 10
Neuron 1 1 0.00000000 1 0.00000000 0.00000000 0.00000000 0.00000000
Neuron 2 1 0.00000000 1 0.00000000 0.00000000 0.00000000 0.00000000
Neuron 3 1 0.00000000 1 0.00000000 0.00000000 0.00000000 0.00000000
Neuron 4 1 0.00000000 1 0.00000000 0.00000000 0.00000000 0.00000000
Neuron 5 1 0.00000000 1 0.00000000 0.00000000 0.00000000 0.00000000
Neuron 6 1 0.00000000 1 0.00000000 0.00000000 0.00000000 0.00000000
Neuron 7 2 0.00000000 1 0.00000000 0.00000000 0.00000000 0.00000000
Neuron 8 4 1.00000000 6 3.09167623 0.00000000 0.00000000 -0.21121365
Link 1 8 1 0 0.52429516
Link 2 8 2 0 -0.38866992
Link 3 8 3 0 -0.23073441
Link 4 8 4 0 -0.26339636
Link 5 8 5 0 -0.37173420
Link 6 8 6 0 -0.33134749
Link 7 8 7 0 0.21787169
GenomeEnd

