GenomeStart 5
Neuron 1 1 0.00000000 1 0.00000000 0.00000000 0.00000000 0.00000000
Neuron 2 1 0.00000000 1 0.00000000 0.00000000 0.00000000 0.00000000
Neuron 3 1 0.00000000 1 0.00000000 0.00000000 0.00000000 0.00000000
Neuron 4 1 0.00000000 1 0.00000000 0.00000000 0.00000000 0.00000000
Neuron 5 1 0.00000000 1 0.00000000 0.00000000 0.00000000 0.00000000
Neuron 6 1 0.00000000 1 0.00000000 0.00000000 0.00000000 0.00000000
Neuron 7 2 0.00000000 1 0.00000000 0.00000000 0.00000000 0.00000000
Neuron 8 4 1.00000000 2 2.66319579 0.00000000 0.00000000 -0.04719044
Link 1 8 1 0 -0.42858364
Link 2 8 2 0 -0.21135145
Link 3 8 3 0 0.51163983
Link 4 8 4 0 -0.92828658
Link 5 8 5 0 -0.56986203
Link 6 8 6 0 0.72195187
Link 7 8 7 0 0.38906251
GenomeEnd

