GenomeStart 0
Neuron 1 1 0.00000000 1 0.00000000 0.00000000 0.00000000 0.00000000
Neuron 2 1 0.00000000 1 0.00000000 0.00000000 0.00000000 0.00000000
Neuron 3 1 0.00000000 1 0.00000000 0.00000000 0.00000000 0.00000000
Neuron 4 1 0.00000000 1 0.00000000 0.00000000 0.00000000 0.00000000
Neuron 5 1 0.00000000 1 0.00000000 0.00000000 0.00000000 0.00000000
Neuron 6 1 0.00000000 1 0.00000000 0.00000000 0.00000000 0.00000000
Neuron 7 2 0.00000000 1 0.00000000 0.00000000 0.00000000 0.00000000
Neuron 8 4 1.00000000 11 3.28488678 0.00000000 0.00000000 -0.28228066
Link 1 8 1 0 -0.20557064
Link 2 8 2 0 0.47647104
Link 3 8 3 0 0.26022494
Link 4 8 4 0 -0.27504880
Link 5 8 5 0 -0.15019608
Link 6 8 6 0 0.09447483
Link 7 8 7 0 -0.90015290
GenomeEnd

