GenomeStart 8
Neuron 1 1 0.00000000 1 0.00000000 0.00000000 0.00000000 0.00000000
Neuron 2 1 0.00000000 1 0.00000000 0.00000000 0.00000000 0.00000000
Neuron 3 1 0.00000000 1 0.00000000 0.00000000 0.00000000 0.00000000
Neuron 4 1 0.00000000 1 0.00000000 0.00000000 0.00000000 0.00000000
Neuron 5 1 0.00000000 1 0.00000000 0.00000000 0.00000000 0.00000000
Neuron 6 1 0.00000000 1 0.00000000 0.00000000 0.00000000 0.00000000
Neuron 7 2 0.00000000 1 0.00000000 0.00000000 0.00000000 0.00000000
Neuron 8 4 1.00000000 2 3.04778424 0.00000000 0.00000000 0.34295168
Link 1 8 1 0 0.47084472
Link 2 8 2 0 0.55558725
Link 3 8 3 0 0.83000454
Link 4 8 4 0 0.53734566
Link 5 8 5 0 0.09772827
Link 6 8 6 0 0.08438529
Link 7 8 7 0 0.46431380
GenomeEnd

