GenomeStart 0
Neuron 1 1 0.00000000 1 0.00000000 0.00000000 0.00000000 0.00000000
Neuron 2 1 0.00000000 1 0.00000000 0.00000000 0.00000000 0.00000000
Neuron 3 1 0.00000000 1 0.00000000 0.00000000 0.00000000 0.00000000
Neuron 4 1 0.00000000 1 0.00000000 0.00000000 0.00000000 0.00000000
Neuron 5 1 0.00000000 1 0.00000000 0.00000000 0.00000000 0.00000000
Neuron 6 1 0.00000000 1 0.00000000 0.00000000 0.00000000 0.00000000
Neuron 7 2 0.00000000 1 0.00000000 0.00000000 0.00000000 0.00000000
Neuron 8 4 1.00000000 6 2.96064892 0.00000000 0.00000000 -0.52781533
Link 1 8 1 0 -0.19334036
Link 2 8 2 0 0.24278819
Link 3 8 3 0 -0.51074945
Link 4 8 4 0 0.42318634
Link 5 8 5 0 -0.57378837
Link 6 8 6 0 -0.34213247
Link 7 8 7 0 0.14139271
GenomeEnd

