GenomeStart 3
Neuron 1 1 0.00000000 1 0.00000000 0.00000000 0.00000000 0.00000000
Neuron 2 1 0.00000000 1 0.00000000 0.00000000 0.00000000 0.00000000
Neuron 3 1 0.00000000 1 0.00000000 0.00000000 0.00000000 0.00000000
Neuron 4 1 0.00000000 1 0.00000000 0.00000000 0.00000000 0.00000000
Neuron 5 1 0.00000000 1 0.00000000 0.00000000 0.00000000 0.00000000
Neuron 6 1 0.00000000 1 0.00000000 0.00000000 0.00000000 0.00000000
Neuron 7 2 0.00000000 1 0.00000000 0.00000000 0.00000000 0.00000000
Neuron 8 4 1.00000000 9 3.14676452 0.00000000 0.00000000 -0.19291054
Link 1 8 1 0 -0.54595081
Link 2 8 2 0 0.36598962
Link 3 8 3 0 -0.36247974
Link 4 8 4 0 -0.52145790
Link 5 8 5 0 -0.47524385
Link 6 8 6 0 0.46109368
Link 7 8 7 0 -0.24954539
GenomeEnd

