GenomeStart 15
Neuron 1 1 0.00000000 1 0.00000000 0.00000000 0.00000000 0.00000000
Neuron 2 1 0.00000000 1 0.00000000 0.00000000 0.00000000 0.00000000
Neuron 3 1 0.00000000 1 0.00000000 0.00000000 0.00000000 0.00000000
Neuron 4 1 0.00000000 1 0.00000000 0.00000000 0.00000000 0.00000000
Neuron 5 1 0.00000000 1 0.00000000 0.00000000 0.00000000 0.00000000
Neuron 6 1 0.00000000 1 0.00000000 0.00000000 0.00000000 0.00000000
Neuron 7 2 0.00000000 1 0.00000000 0.00000000 0.00000000 0.00000000
Neuron 8 4 1.00000000 2 2.91675434 0.00000000 0.00000000 0.12152770
Link 1 8 1 0 0.03520156
Link 2 8 2 0 0.62613633
Link 3 8 3 0 0.53784709
Link 4 8 4 0 0.17803672
Link 5 8 5 0 0.28761492
Link 6 8 6 0 -0.03428705
Link 7 8 7 0 -0.13241762
GenomeEnd

