GenomeStart 1
Neuron 1 1 0.00000000 1 0.00000000 0.00000000 0.00000000 0.00000000
Neuron 2 1 0.00000000 1 0.00000000 0.00000000 0.00000000 0.00000000
Neuron 3 1 0.00000000 1 0.00000000 0.00000000 0.00000000 0.00000000
Neuron 4 1 0.00000000 1 0.00000000 0.00000000 0.00000000 0.00000000
Neuron 5 1 0.00000000 1 0.00000000 0.00000000 0.00000000 0.00000000
Neuron 6 1 0.00000000 1 0.00000000 0.00000000 0.00000000 0.00000000
Neuron 7 2 0.00000000 1 0.00000000 0.00000000 0.00000000 0.00000000
Neuron 8 4 1.00000000 2 2.96873130 0.00000000 0.00000000 -0.41085821
Link 1 8 1 0 -0.36781150
Link 2 8 2 0 -0.70103159
Link 3 8 3 0 -0.00594146
Link 4 8 4 0 0.53371148
Link 5 8 5 0 0.01948173
Link 6 8 6 0 -0.12079813
Link 7 8 7 0 0.24528029
GenomeEnd

