GenomeStart 4
Neuron 1 1 0.00000000 1 0.00000000 0.00000000 0.00000000 0.00000000
Neuron 2 1 0.00000000 1 0.00000000 0.00000000 0.00000000 0.00000000
Neuron 3 1 0.00000000 1 0.00000000 0.00000000 0.00000000 0.00000000
Neuron 4 1 0.00000000 1 0.00000000 0.00000000 0.00000000 0.00000000
Neuron 5 1 0.00000000 1 0.00000000 0.00000000 0.00000000 0.00000000
Neuron 6 1 0.00000000 1 0.00000000 0.00000000 0.00000000 0.00000000
Neuron 7 2 0.00000000 1 0.00000000 0.00000000 0.00000000 0.00000000
Neuron 8 4 1.00000000 6 3.00612070 0.00000000 0.00000000 -0.21002896
Link 1 8 1 0 0.48247558
Link 2 8 2 0 -0.00054484
Link 3 8 3 0 -0.29557714
Link 4 8 4 0 -0.31244560
Link 5 8 5 0 -0.36275139
Link 6 8 6 0 -0.27736953
Link 7 8 7 0 -0.20069002
GenomeEnd

