GenomeStart 19
Neuron 1 1 0.00000000 1 0.00000000 0.00000000 0.00000000 0.00000000
Neuron 2 1 0.00000000 1 0.00000000 0.00000000 0.00000000 0.00000000
Neuron 3 1 0.00000000 1 0.00000000 0.00000000 0.00000000 0.00000000
Neuron 4 1 0.00000000 1 0.00000000 0.00000000 0.00000000 0.00000000
Neuron 5 1 0.00000000 1 0.00000000 0.00000000 0.00000000 0.00000000
Neuron 6 1 0.00000000 1 0.00000000 0.00000000 0.00000000 0.00000000
Neuron 7 2 0.00000000 1 0.00000000 0.00000000 0.00000000 0.00000000
Neuron 8 4 1.00000000 6 3.21365959 0.00000000 0.00000000 -0.67642752
Link 1 8 1 0 -0.25270489
Link 2 8 2 0 0.91419472
Link 3 8 3 0 0.52311003
Link 4 8 4 0 0.41689724
Link 5 8 5 0 -0.31950642
Link 6 8 6 0 0.31524556
Link 7 8 7 0 -0.38936510
GenomeEnd

