GenomeStart 11
Neuron 1 1 0.00000000 1 0.00000000 0.00000000 0.00000000 0.00000000
Neuron 2 1 0.00000000 1 0.00000000 0.00000000 0.00000000 0.00000000
Neuron 3 1 0.00000000 1 0.00000000 0.00000000 0.00000000 0.00000000
Neuron 4 1 0.00000000 1 0.00000000 0.00000000 0.00000000 0.00000000
Neuron 5 1 0.00000000 1 0.00000000 0.00000000 0.00000000 0.00000000
Neuron 6 1 0.00000000 1 0.00000000 0.00000000 0.00000000 0.00000000
Neuron 7 2 0.00000000 1 0.00000000 0.00000000 0.00000000 0.00000000
Neuron 8 4 1.00000000 2 2.81323583 0.00000000 0.00000000 -0.12807993
Link 1 8 1 0 -0.07393345
Link 2 8 2 0 0.51412802
Link 3 8 3 0 -0.08432715
Link 4 8 4 0 0.02718321
Link 5 8 5 0 0.13569190
Link 6 8 6 0 -0.61592373
Link 7 8 7 0 0.00245891
GenomeEnd

