GenomeStart 8
Neuron 1 1 0.00000000 1 0.00000000 0.00000000 0.00000000 0.00000000
Neuron 2 1 0.00000000 1 0.00000000 0.00000000 0.00000000 0.00000000
Neuron 3 1 0.00000000 1 0.00000000 0.00000000 0.00000000 0.00000000
Neuron 4 1 0.00000000 1 0.00000000 0.00000000 0.00000000 0.00000000
Neuron 5 1 0.00000000 1 0.00000000 0.00000000 0.00000000 0.00000000
Neuron 6 1 0.00000000 1 0.00000000 0.00000000 0.00000000 0.00000000
Neuron 7 2 0.00000000 1 0.00000000 0.00000000 0.00000000 0.00000000
Neuron 8 4 1.00000000 2 2.99916212 0.00000000 0.00000000 0.04699633
Link 1 8 1 0 -0.48306428
Link 2 8 2 0 -0.36159998
Link 3 8 3 0 -0.66039231
Link 4 8 4 0 0.04515445
Link 5 8 5 0 -0.62874247
Link 6 8 6 0 -0.16569940
Link 7 8 7 0 0.56008781
GenomeEnd

