GenomeStart 6
Neuron 1 1 0.00000000 1 0.00000000 0.00000000 0.00000000 0.00000000
Neuron 2 1 0.00000000 1 0.00000000 0.00000000 0.00000000 0.00000000
Neuron 3 1 0.00000000 1 0.00000000 0.00000000 0.00000000 0.00000000
Neuron 4 1 0.00000000 1 0.00000000 0.00000000 0.00000000 0.00000000
Neuron 5 1 0.00000000 1 0.00000000 0.00000000 0.00000000 0.00000000
Neuron 6 1 0.00000000 1 0.00000000 0.00000000 0.00000000 0.00000000
Neuron 7 2 0.00000000 1 0.00000000 0.00000000 0.00000000 0.00000000
Neuron 8 4 1.00000000 2 3.15131668 0.00000000 0.00000000 0.21430733
Link 1 8 1 0 0.44715691
Link 2 8 2 0 -0.10133682
Link 3 8 3 0 -0.25742665
Link 4 8 4 0 -0.54860147
Link 5 8 5 0 0.25769440
Link 6 8 6 0 0.02095277
Link 7 8 7 0 0.14074181
GenomeEnd

