GenomeStart 5
Neuron 1 1 0.00000000 1 0.00000000 0.00000000 0.00000000 0.00000000
Neuron 2 1 0.00000000 1 0.00000000 0.00000000 0.00000000 0.00000000
Neuron 3 1 0.00000000 1 0.00000000 0.00000000 0.00000000 0.00000000
Neuron 4 1 0.00000000 1 0.00000000 0.00000000 0.00000000 0.00000000
Neuron 5 1 0.00000000 1 0.00000000 0.00000000 0.00000000 0.00000000
Neuron 6 1 0.00000000 1 0.00000000 0.00000000 0.00000000 0.00000000
Neuron 7 2 0.00000000 1 0.00000000 0.00000000 0.00000000 0.00000000
Neuron 8 4 1.00000000 11 3.24609053 0.00000000 0.00000000 0.15738623
Link 1 8 1 0 -0.04511413
Link 2 8 2 0 0.14210407
Link 3 8 3 0 0.15061718
Link 4 8 4 0 0.86943168
Link 5 8 5 0 -0.10486854
Link 6 8 6 0 -0.13002483
Link 7 8 7 0 0.38475720
GenomeEnd

