GenomeStart 7
Neuron 1 1 0.00000000 1 0.00000000 0.00000000 0.00000000 0.00000000
Neuron 2 1 0.00000000 1 0.00000000 0.00000000 0.00000000 0.00000000
Neuron 3 1 0.00000000 1 0.00000000 0.00000000 0.00000000 0.00000000
Neuron 4 1 0.00000000 1 0.00000000 0.00000000 0.00000000 0.00000000
Neuron 5 1 0.00000000 1 0.00000000 0.00000000 0.00000000 0.00000000
Neuron 6 1 0.00000000 1 0.00000000 0.00000000 0.00000000 0.00000000
Neuron 7 2 0.00000000 1 0.00000000 0.00000000 0.00000000 0.00000000
Neuron 8 4 1.00000000 2 2.64907033 0.00000000 0.00000000 -0.38660971
Link 1 8 1 0 0.24832012
Link 2 8 2 0 -0.15525732
Link 3 8 3 0 -0.02873629
Link 4 8 4 0 -0.75171709
Link 5 8 5 0 -0.84113270
Link 6 8 6 0 -0.64809918
Link 7 8 7 0 -0.11843731
GenomeEnd

