GenomeStart 17
Neuron 1 1 0.00000000 1 0.00000000 0.00000000 0.00000000 0.00000000
Neuron 2 1 0.00000000 1 0.00000000 0.00000000 0.00000000 0.00000000
Neuron 3 1 0.00000000 1 0.00000000 0.00000000 0.00000000 0.00000000
Neuron 4 1 0.00000000 1 0.00000000 0.00000000 0.00000000 0.00000000
Neuron 5 1 0.00000000 1 0.00000000 0.00000000 0.00000000 0.00000000
Neuron 6 1 0.00000000 1 0.00000000 0.00000000 0.00000000 0.00000000
Neuron 7 2 0.00000000 1 0.00000000 0.00000000 0.00000000 0.00000000
Neuron 8 4 1.00000000 6 3.01365519 0.00000000 0.00000000 0.07546811
Link 1 8 1 0 -0.10425964
Link 2 8 2 0 0.54783459
Link 3 8 3 0 0.02527494
Link 4 8 4 0 -0.33080350
Link 5 8 5 0 0.47567398
Link 6 8 6 0 -0.15418429
Link 7 8 7 0 0.80948408
GenomeEnd

