GenomeStart 9
Neuron 1 1 0.00000000 1 0.00000000 0.00000000 0.00000000 0.00000000
Neuron 2 1 0.00000000 1 0.00000000 0.00000000 0.00000000 0.00000000
Neuron 3 1 0.00000000 1 0.00000000 0.00000000 0.00000000 0.00000000
Neuron 4 1 0.00000000 1 0.00000000 0.00000000 0.00000000 0.00000000
Neuron 5 1 0.00000000 1 0.00000000 0.00000000 0.00000000 0.00000000
Neuron 6 1 0.00000000 1 0.00000000 0.00000000 0.00000000 0.00000000
Neuron 7 2 0.00000000 1 0.00000000 0.00000000 0.00000000 0.00000000
Neuron 8 4 1.00000000 2 2.91134233 0.00000000 0.00000000 -0.17696808
Link 1 8 1 0 -0.22505012
Link 2 8 2 0 0.28848815
Link 3 8 3 0 -0.76347866
Link 4 8 4 0 -0.81834220
Link 5 8 5 0 0.02571717
Link 6 8 6 0 0.10267876
Link 7 8 7 0 0.68681550
GenomeEnd

