GenomeStart 10
Neuron 1 1 0.00000000 1 0.00000000 0.00000000 0.00000000 0.00000000
Neuron 2 1 0.00000000 1 0.00000000 0.00000000 0.00000000 0.00000000
Neuron 3 1 0.00000000 1 0.00000000 0.00000000 0.00000000 0.00000000
Neuron 4 1 0.00000000 1 0.00000000 0.00000000 0.00000000 0.00000000
Neuron 5 1 0.00000000 1 0.00000000 0.00000000 0.00000000 0.00000000
Neuron 6 1 0.00000000 1 0.00000000 0.00000000 0.00000000 0.00000000
Neuron 7 2 0.00000000 1 0.00000000 0.00000000 0.00000000 0.00000000
Neuron 8 4 1.00000000 4 2.70800069 0.00000000 0.00000000 0.03063398
Link 1 8 1 0 -0.82130561
Link 2 8 2 0 0.09396436
Link 3 8 3 0 0.20609467
Link 4 8 4 0 0.12865839
Link 5 8 5 0 0.11703800
Link 6 8 6 0 0.80451528
Link 7 8 7 0 0.65573859
GenomeEnd

