GenomeStart 13
Neuron 1 1 0.00000000 1 0.00000000 0.00000000 0.00000000 0.00000000
Neuron 2 1 0.00000000 1 0.00000000 0.00000000 0.00000000 0.00000000
Neuron 3 1 0.00000000 1 0.00000000 0.00000000 0.00000000 0.00000000
Neuron 4 1 0.00000000 1 0.00000000 0.00000000 0.00000000 0.00000000
Neuron 5 1 0.00000000 1 0.00000000 0.00000000 0.00000000 0.00000000
Neuron 6 1 0.00000000 1 0.00000000 0.00000000 0.00000000 0.00000000
Neuron 7 2 0.00000000 1 0.00000000 0.00000000 0.00000000 0.00000000
Neuron 8 4 1.00000000 4 3.06067020 0.00000000 0.00000000 0.23069124
Link 1 8 1 0 0.61878084
Link 2 8 2 0 -0.34147565
Link 3 8 3 0 0.35033906
Link 4 8 4 0 0.85704627
Link 5 8 5 0 0.38283503
Link 6 8 6 0 -0.18868153
Link 7 8 7 0 0.28472554
GenomeEnd

