GenomeStart 12
Neuron 1 1 0.00000000 1 0.00000000 0.00000000 0.00000000 0.00000000
Neuron 2 1 0.00000000 1 0.00000000 0.00000000 0.00000000 0.00000000
Neuron 3 1 0.00000000 1 0.00000000 0.00000000 0.00000000 0.00000000
Neuron 4 1 0.00000000 1 0.00000000 0.00000000 0.00000000 0.00000000
Neuron 5 1 0.00000000 1 0.00000000 0.00000000 0.00000000 0.00000000
Neuron 6 1 0.00000000 1 0.00000000 0.00000000 0.00000000 0.00000000
Neuron 7 2 0.00000000 1 0.00000000 0.00000000 0.00000000 0.00000000
Neuron 8 4 1.00000000 9 3.05367917 0.00000000 0.00000000 0.61309010
Link 1 8 1 0 0.82741325
Link 2 8 2 0 -0.83505477
Link 3 8 3 0 0.66530336
Link 4 8 4 0 -0.32944556
Link 5 8 5 0 0.29454919
Link 6 8 6 0 0.47470421
Link 7 8 7 0 -0.34494204
GenomeEnd

