GenomeStart 10
Neuron 1 1 0.00000000 1 0.00000000 0.00000000 0.00000000 0.00000000
Neuron 2 1 0.00000000 1 0.00000000 0.00000000 0.00000000 0.00000000
Neuron 3 1 0.00000000 1 0.00000000 0.00000000 0.00000000 0.00000000
Neuron 4 1 0.00000000 1 0.00000000 0.00000000 0.00000000 0.00000000
Neuron 5 1 0.00000000 1 0.00000000 0.00000000 0.00000000 0.00000000
Neuron 6 1 0.00000000 1 0.00000000 0.00000000 0.00000000 0.00000000
Neuron 7 2 0.00000000 1 0.00000000 0.00000000 0.00000000 0.00000000
Neuron 8 4 1.00000000 2 2.92038899 0.00000000 0.00000000 0.35919677
Link 1 8 1 0 -0.23317874
Link 2 8 2 0 -0.17354522
Link 3 8 3 0 0.28841498
Link 4 8 4 0 -0.10699536
Link 5 8 5 0 0.50379273
Link 6 8 6 0 0.75472568
Link 7 8 7 0 -0.85439321
GenomeEnd

