GenomeStart 13
Neuron 1 1 0.00000000 1 0.00000000 0.00000000 0.00000000 0.00000000
Neuron 2 1 0.00000000 1 0.00000000 0.00000000 0.00000000 0.00000000
Neuron 3 1 0.00000000 1 0.00000000 0.00000000 0.00000000 0.00000000
Neuron 4 1 0.00000000 1 0.00000000 0.00000000 0.00000000 0.00000000
Neuron 5 1 0.00000000 1 0.00000000 0.00000000 0.00000000 0.00000000
Neuron 6 1 0.00000000 1 0.00000000 0.00000000 0.00000000 0.00000000
Neuron 7 2 0.00000000 1 0.00000000 0.00000000 0.00000000 0.00000000
Neuron 8 4 1.00000000 11 3.04778079 0.00000000 0.00000000 -0.19157975
Link 1 8 1 0 0.39141755
Link 2 8 2 0 -0.58472488
Link 3 8 3 0 0.01171212
Link 4 8 4 0 -0.37214821
Link 5 8 5 0 0.58934955
Link 6 8 6 0 0.50976070
Link 7 8 7 0 0.81791573
GenomeEnd

