GenomeStart 3
Neuron 1 1 0.00000000 1 0.00000000 0.00000000 0.00000000 0.00000000
Neuron 2 1 0.00000000 1 0.00000000 0.00000000 0.00000000 0.00000000
Neuron 3 1 0.00000000 1 0.00000000 0.00000000 0.00000000 0.00000000
Neuron 4 1 0.00000000 1 0.00000000 0.00000000 0.00000000 0.00000000
Neuron 5 1 0.00000000 1 0.00000000 0.00000000 0.00000000 0.00000000
Neuron 6 1 0.00000000 1 0.00000000 0.00000000 0.00000000 0.00000000
Neuron 7 2 0.00000000 1 0.00000000 0.00000000 0.00000000 0.00000000
Neuron 8 4 1.00000000 4 2.85357473 0.00000000 0.00000000 0.07677182
Link 1 8 1 0 -0.36725744
Link 2 8 2 0 -0.16969712
Link 3 8 3 0 0.11799622
Link 4 8 4 0 0.15090766
Link 5 8 5 0 -0.08933620
Link 6 8 6 0 -0.49564531
Link 7 8 7 0 -0.40310586
GenomeEnd

