GenomeStart 10
Neuron 1 1 0.00000000 1 0.00000000 0.00000000 0.00000000 0.00000000
Neuron 2 1 0.00000000 1 0.00000000 0.00000000 0.00000000 0.00000000
Neuron 3 1 0.00000000 1 0.00000000 0.00000000 0.00000000 0.00000000
Neuron 4 1 0.00000000 1 0.00000000 0.00000000 0.00000000 0.00000000
Neuron 5 1 0.00000000 1 0.00000000 0.00000000 0.00000000 0.00000000
Neuron 6 1 0.00000000 1 0.00000000 0.00000000 0.00000000 0.00000000
Neuron 7 2 0.00000000 1 0.00000000 0.00000000 0.00000000 0.00000000
Neuron 8 4 1.00000000 9 3.46523966 0.00000000 0.00000000 0.33762956
Link 1 8 1 0 0.02296218
Link 2 8 2 0 -0.66471620
Link 3 8 3 0 -0.56013671
Link 4 8 4 0 -0.58375967
Link 5 8 5 0 0.00790359
Link 6 8 6 0 -0.06724351
Link 7 8 7 0 -0.66955005
GenomeEnd

