GenomeStart 8
Neuron 1 1 0.00000000 1 0.00000000 0.00000000 0.00000000 0.00000000
Neuron 2 1 0.00000000 1 0.00000000 0.00000000 0.00000000 0.00000000
Neuron 3 1 0.00000000 1 0.00000000 0.00000000 0.00000000 0.00000000
Neuron 4 1 0.00000000 1 0.00000000 0.00000000 0.00000000 0.00000000
Neuron 5 1 0.00000000 1 0.00000000 0.00000000 0.00000000 0.00000000
Neuron 6 1 0.00000000 1 0.00000000 0.00000000 0.00000000 0.00000000
Neuron 7 2 0.00000000 1 0.00000000 0.00000000 0.00000000 0.00000000
Neuron 8 4 1.00000000 4 2.89260625 0.00000000 0.00000000 -0.08585994
Link 1 8 1 0 -0.86292549
Link 2 8 2 0 0.75033381
Link 3 8 3 0 -0.23369957
Link 4 8 4 0 -0.77108722
Link 5 8 5 0 0.22266070
Link 6 8 6 0 0.02035154
Link 7 8 7 0 -0.55447400
GenomeEnd

