GenomeStart 7
Neuron 1 1 0.00000000 1 0.00000000 0.00000000 0.00000000 0.00000000
Neuron 2 1 0.00000000 1 0.00000000 0.00000000 0.00000000 0.00000000
Neuron 3 1 0.00000000 1 0.00000000 0.00000000 0.00000000 0.00000000
Neuron 4 1 0.00000000 1 0.00000000 0.00000000 0.00000000 0.00000000
Neuron 5 1 0.00000000 1 0.00000000 0.00000000 0.00000000 0.00000000
Neuron 6 1 0.00000000 1 0.00000000 0.00000000 0.00000000 0.00000000
Neuron 7 2 0.00000000 1 0.00000000 0.00000000 0.00000000 0.00000000
Neuron 8 4 1.00000000 9 3.07055231 0.00000000 0.00000000 -0.18757794
Link 1 8 1 0 -0.26791117
Link 2 8 2 0 0.34671147
Link 3 8 3 0 -0.58431271
Link 4 8 4 0 0.48254728
Link 5 8 5 0 0.15655741
Link 6 8 6 0 -0.50882614
Link 7 8 7 0 -0.41280314
GenomeEnd

