0,0,0.2;-1.5708,0,-1.5708
-0.000188458,-0.00413883,0.0733361;-1.57076,-0.000103056,-1.57097
-7.98488e-05,-0.00411596,0.0733115;-1.57101,-0.000263542,-1.57081
-5.43628e-05,-0.00402549,0.0733354;-1.57085,-0.000135422,-1.57094
-4.73414e-05,-0.00393647,0.0733354;-1.57086,-0.000141233,-1.57097
-2.43208e-05,-0.00382662,0.0733227;-1.57076,-0.000119597,-1.57097
-4.14315e-05,-0.00378677,0.0733353;-1.57085,-0.000158131,-1.57098
-5.46874e-05,-0.00372326,0.0733345;-1.57083,-9.01818e-05,-1.57098
-5.76951e-05,-0.00366593,0.0733346;-1.57086,-0.000108898,-1.57098
-3.93273e-05,-0.00362582,0.0733356;-1.57085,-0.000121742,-1.57096
-4.32787e-05,-0.00353694,0.0733357;-1.57085,-9.91821e-05,-1.571
-3.45508e-05,-0.00348588,0.0733352;-1.57084,-0.000181913,-1.57097
-5.26981e-05,-0.0034777,0.0733353;-1.57085,-0.000174463,-1.57103
-3.08531e-05,-0.00343545,0.0733354;-1.57084,-8.70228e-05,-1.57099
-5.66896e-05,-0.00339744,0.0732988;-1.5706,-0.000111371,-1.57117
-7.9761e-05,-0.00335321,0.07331;-1.57067,-0.000142962,-1.57103
-5.14671e-05,-0.00331212,0.0733355;-1.57085,-0.000234544,-1.57099
-5.98723e-05,-0.00322595,0.0733359;-1.57085,-0.000130117,-1.571
-4.34302e-05,-0.00316626,0.0733126;-1.57103,-0.000111997,-1.57081
-3.01162e-05,-0.00313837,0.0733337;-1.57084,-0.000197887,-1.57097
-2.04056e-05,-0.00311565,0.0733332;-1.57082,-0.000281125,-1.57095
-3.86333e-05,-0.00306245,0.0732628;-1.57036,-8.94368e-05,-1.57074
-4.17895e-05,-0.00305117,0.0732827;-1.57048,-0.00020659,-1.57079
-4.12812e-05,-0.00299339,0.0733346;-1.57084,-0.000184029,-1.57098
-4.71318e-05,-0.00295937,0.0733358;-1.57084,-0.00018084,-1.57094
-2.96737e-05,-0.00286517,0.0733322;-1.57082,-0.000105709,-1.57092
-5.52029e-05,-0.00287702,0.0733357;-1.57084,-0.000118524,-1.57098
-5.20494e-05,-0.00288155,0.0733339;-1.57087,-0.000141323,-1.57102
-3.31104e-05,-0.00283822,0.0733356;-1.57084,-0.00023371,-1.571
-5.4774e-05,-0.00279111,0.0733163;-1.57071,-0.000212789,-1.57109
-6.05141e-05,-0.00277023,0.0733162;-1.57074,-3.58224e-05,-1.57106
-3.57965e-05,-0.0027201,0.0733355;-1.57085,-0.000139773,-1.57097
-5.7775e-05,-0.002699,0.0733082;-1.57103,-9.06587e-05,-1.57095
-5.37046e-05,-0.00265512,0.0733355;-1.57084,-0.000222385,-1.57102
