GenomeStart 0
Neuron 1 1 0.00000000 1 0.00000000 0.00000000 0.00000000 0.00000000
Neuron 2 1 0.00000000 1 0.00000000 0.00000000 0.00000000 0.00000000
Neuron 3 1 0.00000000 1 0.00000000 0.00000000 0.00000000 0.00000000
Neuron 4 1 0.00000000 1 0.00000000 0.00000000 0.00000000 0.00000000
Neuron 5 1 0.00000000 1 0.00000000 0.00000000 0.00000000 0.00000000
Neuron 6 1 0.00000000 1 0.00000000 0.00000000 0.00000000 0.00000000
Neuron 7 2 0.00000000 1 0.00000000 0.00000000 0.00000000 0.00000000
Neuron 8 4 1.00000000 2 2.61945212 0.00000000 0.00000000 0.02430119
Link 1 8 1 0 0.23741502
Link 2 8 2 0 -0.07710079
Link 3 8 3 0 0.69731769
Link 4 8 4 0 0.11845569
Link 5 8 5 0 -0.47529861
Link 6 8 6 0 -0.28269082
Link 7 8 7 0 -0.14433447
GenomeEnd

