GenomeStart 4
Neuron 1 1 0.00000000 1 0.00000000 0.00000000 0.00000000 0.00000000
Neuron 2 1 0.00000000 1 0.00000000 0.00000000 0.00000000 0.00000000
Neuron 3 1 0.00000000 1 0.00000000 0.00000000 0.00000000 0.00000000
Neuron 4 1 0.00000000 1 0.00000000 0.00000000 0.00000000 0.00000000
Neuron 5 1 0.00000000 1 0.00000000 0.00000000 0.00000000 0.00000000
Neuron 6 1 0.00000000 1 0.00000000 0.00000000 0.00000000 0.00000000
Neuron 7 2 0.00000000 1 0.00000000 0.00000000 0.00000000 0.00000000
Neuron 8 4 1.00000000 6 3.46073014 0.00000000 0.00000000 0.36536278
Link 1 8 1 0 -0.29086426
Link 2 8 2 0 0.23913294
Link 3 8 3 0 0.64033096
Link 4 8 4 0 -0.28352651
Link 5 8 5 0 -0.05933451
Link 6 8 6 0 0.30335142
Link 7 8 7 0 0.21440824
GenomeEnd

