GenomeStart 1
Neuron 1 1 0.00000000 1 0.00000000 0.00000000 0.00000000 0.00000000
Neuron 2 1 0.00000000 1 0.00000000 0.00000000 0.00000000 0.00000000
Neuron 3 1 0.00000000 1 0.00000000 0.00000000 0.00000000 0.00000000
Neuron 4 1 0.00000000 1 0.00000000 0.00000000 0.00000000 0.00000000
Neuron 5 1 0.00000000 1 0.00000000 0.00000000 0.00000000 0.00000000
Neuron 6 1 0.00000000 1 0.00000000 0.00000000 0.00000000 0.00000000
Neuron 7 2 0.00000000 1 0.00000000 0.00000000 0.00000000 0.00000000
Neuron 8 4 1.00000000 2 3.02049803 0.00000000 0.00000000 0.07172855
Link 1 8 1 0 -0.05792329
Link 2 8 2 0 0.00369925
Link 3 8 3 0 0.88647588
Link 4 8 4 0 -0.30348109
Link 5 8 5 0 0.17960101
Link 6 8 6 0 -0.63732566
Link 7 8 7 0 0.49452120
GenomeEnd

