GenomeStart 0
Neuron 1 1 0.00000000 1 0.00000000 0.00000000 0.00000000 0.00000000
Neuron 2 1 0.00000000 1 0.00000000 0.00000000 0.00000000 0.00000000
Neuron 3 1 0.00000000 1 0.00000000 0.00000000 0.00000000 0.00000000
Neuron 4 1 0.00000000 1 0.00000000 0.00000000 0.00000000 0.00000000
Neuron 5 1 0.00000000 1 0.00000000 0.00000000 0.00000000 0.00000000
Neuron 6 1 0.00000000 1 0.00000000 0.00000000 0.00000000 0.00000000
Neuron 7 2 0.00000000 1 0.00000000 0.00000000 0.00000000 0.00000000
Neuron 8 4 1.00000000 4 2.80613286 0.00000000 0.00000000 -0.43027116
Link 1 8 1 0 0.00439179
Link 2 8 2 0 0.29173894
Link 3 8 3 0 0.29360022
Link 4 8 4 0 -0.01162480
Link 5 8 5 0 0.75459050
Link 6 8 6 0 -0.29177072
Link 7 8 7 0 0.40878819
GenomeEnd

