GenomeStart 4
Neuron 1 1 0.00000000 1 0.00000000 0.00000000 0.00000000 0.00000000
Neuron 2 1 0.00000000 1 0.00000000 0.00000000 0.00000000 0.00000000
Neuron 3 1 0.00000000 1 0.00000000 0.00000000 0.00000000 0.00000000
Neuron 4 1 0.00000000 1 0.00000000 0.00000000 0.00000000 0.00000000
Neuron 5 1 0.00000000 1 0.00000000 0.00000000 0.00000000 0.00000000
Neuron 6 1 0.00000000 1 0.00000000 0.00000000 0.00000000 0.00000000
Neuron 7 2 0.00000000 1 0.00000000 0.00000000 0.00000000 0.00000000
Neuron 8 4 1.00000000 9 3.17440951 0.00000000 0.00000000 0.56922772
Link 1 8 1 0 0.16766061
Link 2 8 2 0 -0.06671896
Link 3 8 3 0 -0.11811139
Link 4 8 4 0 0.10634542
Link 5 8 5 0 -0.49715251
Link 6 8 6 0 0.44540738
Link 7 8 7 0 -0.88182689
GenomeEnd

