GenomeStart 1
Neuron 1 1 0.00000000 1 0.00000000 0.00000000 0.00000000 0.00000000
Neuron 2 1 0.00000000 1 0.00000000 0.00000000 0.00000000 0.00000000
Neuron 3 1 0.00000000 1 0.00000000 0.00000000 0.00000000 0.00000000
Neuron 4 1 0.00000000 1 0.00000000 0.00000000 0.00000000 0.00000000
Neuron 5 1 0.00000000 1 0.00000000 0.00000000 0.00000000 0.00000000
Neuron 6 1 0.00000000 1 0.00000000 0.00000000 0.00000000 0.00000000
Neuron 7 2 0.00000000 1 0.00000000 0.00000000 0.00000000 0.00000000
Neuron 8 4 1.00000000 9 2.79447417 0.00000000 0.00000000 -0.30007874
Link 1 8 1 0 -0.72086286
Link 2 8 2 0 0.52019008
Link 3 8 3 0 0.62794823
Link 4 8 4 0 0.42611252
Link 5 8 5 0 0.70291820
Link 6 8 6 0 -0.77573278
Link 7 8 7 0 -0.05836658
GenomeEnd

