GenomeStart 0
Neuron 1 1 0.00000000 1 0.00000000 0.00000000 0.00000000 0.00000000
Neuron 2 1 0.00000000 1 0.00000000 0.00000000 0.00000000 0.00000000
Neuron 3 1 0.00000000 1 0.00000000 0.00000000 0.00000000 0.00000000
Neuron 4 1 0.00000000 1 0.00000000 0.00000000 0.00000000 0.00000000
Neuron 5 1 0.00000000 1 0.00000000 0.00000000 0.00000000 0.00000000
Neuron 6 1 0.00000000 1 0.00000000 0.00000000 0.00000000 0.00000000
Neuron 7 2 0.00000000 1 0.00000000 0.00000000 0.00000000 0.00000000
Neuron 8 4 1.00000000 2 3.26199714 0.00000000 0.00000000 -0.45935943
Link 1 8 1 0 -0.36802256
Link 2 8 2 0 0.33263590
Link 3 8 3 0 0.14511380
Link 4 8 4 0 -0.50111425
Link 5 8 5 0 0.08762561
Link 6 8 6 0 -0.20795409
Link 7 8 7 0 0.47072948
GenomeEnd

